1	0.08	4
2	0.100251	4
3	0.102632	4
4	0.143721	4
5	0	4
6	0.150082	5.08475
7	0.153316	5.08475
8	0.258833	5.76923
9	0.242012	7.89474
10	0	7.89474
11	0.0996732	7.89474
12	0.117045	7.89474
13	0.0422535	7.89474
14	0.0911978	7.89474
15	0	7.89474
16	0.0566038	7.89474
17	0.0454545	7.89474
18	0	7.89474
19	0	7.89474
20	0.140735	7.89474
21	0	7.89474
22	0.655871	10.5263
23	0.203479	10.5263
24	0.0508475	10.5263
25	0	10.5263
26	0.222922	10.5263
27	0.0461538	10.5263
28	0.322028	10.9091
29	0.347355	10.9091
30	0.133333	10.9091
31	0.111455	10.9091
32	0.519761	10.9091
33	0.159834	10.9091
34	0.393981	10.9091
35	0.0491803	10.9091
36	0.186975	10.9091
37	0.327279	10.9091
38	0.228564	10.9091
39	0.105263	10.9091
40	0.395068	10.9091
41	0.420769	10.9091
42	0.198158	10.9091
43	0.0447761	10.9091
44	0.0441176	10.9091
45	0.329411	10.9091
46	0.0588235	10.9091
47	0.140644	10.9091
48	0.12567	10.9091
49	0.0487805	10.9091
50	0	10.9091
51	0	10.9091
52	0.05	10.9091
53	0	10.9091
54	0.0437956	10.9091
55	0	10.9091
56	0	10.9091
57	0.148663	10.9091
58	0.361095	10.9091
59	0	10.9091
60	0	10.9091
61	0.14876	10.9091
62	0.104545	10.9091
63	0.206355	10.9091
64	0	10.9091
65	0	10.9091
66	0.0491803	10.9091
67	0.0566038	10.9091
68	0.0560748	10.9091
69	0.05	10.9091
70	0.0555556	10.9091
71	0.150875	10.9091
72	0.0483871	10.9091
73	0.127662	10.9091
74	0.0920455	10.9091
75	0.0878608	10.9091
76	0.112092	10.9091
77	0.194357	10.9091
78	0.0576923	10.9091
79	0.047619	10.9091
80	0.0461538	10.9091
81	0.0517241	10.9091
82	0.146853	10.9091
83	0.149632	10.9091
84	0.0902715	10.9091
85	0.195284	10.9091
86	0.154874	10.9091
87	0.196002	10.9091
88	0.292032	10.9091
89	0.313789	10.9091
90	0.244332	10.9091
91	0.226666	10.9091
92	0.175768	10.9091
93	0.227279	10.9091
94	0.209619	10.9091
95	0.156987	10.9091
96	0.195679	10.9091
97	0.0508475	10.9091
98	0.320581	10.9091
99	0	10.9091
100	0	10.9091
101	0.100904	10.9091
102	0.140614	10.9091
103	0.153748	10.9091
104	0.245192	10.9091
105	0.0491803	10.9091
106	0.155598	10.9091
107	0.0508475	10.9091
108	0.046875	10.9091
109	0.0508475	10.9091
110	0.415842	10.9091
111	0.133011	10.9091
112	0.185959	10.9091
113	0.0974359	10.9091
114	0.048	10.9091
115	0.102441	10.9091
116	0.247448	10.9091
117	0.153801	10.9091
118	0.142488	10.9091
119	0.0437956	10.9091
120	0.0517241	10.9091
121	0.251698	10.9091
122	0	10.9091
123	0.0461538	10.9091
124	0.0504202	10.9091
125	0.163145	10.9091
126	0.0461538	10.9091
127	0.109701	10.9091
128	0.0944882	10.9091
129	0	10.9091
130	0.153846	10.9091
131	0.237624	10.9091
132	0.0530973	10.9091
133	0.166305	10.9091
134	0.0979754	10.9091
135	0.0652174	10.9091
136	0.104075	10.9091
137	0	10.9091
138	0.101484	10.9091
139	0	10.9091
140	0	10.9091
141	0.0451128	10.9091
142	0.0550459	10.9091
143	0.109977	10.9091
144	0.151347	10.9091
145	0	10.9091
146	0.136711	10.9091
147	0	10.9091
148	0.0550459	10.9091
149	0	10.9091
150	0	10.9091
151	0.185207	10.9091
152	0.0588235	10.9091
153	0.05	10.9091
154	0	10.9091
155	0.210346	10.9091
156	0.0454545	10.9091
157	0.138681	10.9091
158	0.0612245	10.9091
159	0	10.9091
160	0.05	10.9091
161	0.423923	10.9091
162	0.0952024	10.9091
163	0.0526316	10.9091
164	0.432447	10.9091
165	0.0922535	10.9091
166	0.0434783	10.9091
167	0.0491803	10.9091
168	0.189889	10.9091
169	0.0447761	10.9091
170	0.0816176	10.9091
171	0.0576923	10.9091
172	0.0990338	10.9091
173	0.103147	10.9091
174	0.143007	10.9091
175	0.165927	10.9091
176	0.199701	10.9091
177	0.168803	10.9091
178	0.370867	10.9091
179	0.418164	10.9091
180	0.232276	10.9091
181	0.141286	10.9091
182	0.322149	10.9091
183	0.793713	13.8889
184	0	13.8889
185	0.0508475	13.8889
186	0.121622	13.8889
187	0.168842	13.8889
188	0.0588235	13.8889
189	0	13.8889
190	0	13.8889
191	0.123288	13.8889
192	0.138627	13.8889
193	0.0461538	13.8889
194	0.0416667	13.8889
195	0.202086	13.8889
196	0.0441176	13.8889
197	0.0483871	13.8889
198	0.0895522	13.8889
199	0.094494	13.8889
200	0.0930736	13.8889
201	0.0483871	13.8889
202	0.0508475	13.8889
203	0.0434783	13.8889
204	0.0960061	13.8889
205	0	13.8889
206	0	13.8889
207	0	13.8889
208	0.0410959	13.8889
209	0.158768	13.8889
210	0.146986	13.8889
211	0.0566038	13.8889
212	0.211807	13.8889
213	0.414672	13.8889
214	0.189486	13.8889
215	0.196143	13.8889
216	0.320484	13.8889
217	0.105784	13.8889
218	0	13.8889
219	0.126024	13.8889
220	0.158488	13.8889
221	0.145388	13.8889
222	0.0491803	13.8889
223	0	13.8889
224	0	13.8889
225	0	13.8889
226	0	13.8889
227	0.289536	13.8889
228	0.101702	13.8889
229	0.146361	13.8889
230	0.0444444	13.8889
231	0.195206	13.8889
232	0.0434783	13.8889
233	0	13.8889
234	0.254457	13.8889
235	0.0535714	13.8889
236	0.0839161	13.8889
237	0.135354	13.8889
238	0.150773	13.8889
239	0.204479	13.8889
240	0.0526316	13.8889
241	0	13.8889
242	0.100929	13.8889
243	0.303074	13.8889
244	0.0576923	13.8889
245	0.540451	13.8889
246	0.195811	13.8889
247	0	13.8889
248	0.0458015	13.8889
249	0	13.8889
250	0.0957265	13.8889
251	0.144978	13.8889
252	0.0441176	13.8889
253	0.147954	13.8889
254	0.0550459	13.8889
255	0.256193	13.8889
256	0	13.8889
257	0.048	13.8889
258	0.198069	13.8889
259	0.0916031	13.8889
260	0.393819	13.8889
261	0.0483871	13.8889
262	0.226403	13.8889
263	0.0905596	13.8889
264	0.0517241	13.8889
265	0.150564	13.8889
266	0.0526316	13.8889
267	0.101571	13.8889
268	0.292	13.8889
269	0.0944882	13.8889
270	0.0980392	13.8889
271	0	13.8889
272	0.252825	13.8889
273	0	13.8889
274	0.0576923	13.8889
275	0.191281	13.8889
276	0	13.8889
277	0	13.8889
278	0.197615	13.8889
279	0.0504202	13.8889
280	0	13.8889
281	0.0472441	13.8889
282	0.0540541	13.8889
283	0	13.8889
284	0.149235	13.8889
285	0.0472441	13.8889
286	0.229327	13.8889
287	0.161167	13.8889
288	0.293659	13.8889
289	0.143238	13.8889
290	0.163898	13.8889
291	0.05	13.8889
292	0.320346	13.8889
293	0.05	13.8889
294	0.0491803	13.8889
295	0.0961538	13.8889
296	0	13.8889
297	0.101921	13.8889
298	0.109244	13.8889
299	0.0983278	13.8889
300	0	13.8889
301	0.0582524	13.8889
302	0.0495868	13.8889
303	0.0431655	13.8889
304	0	13.8889
305	0	13.8889
306	0	13.8889
307	0	13.8889
308	0.154589	13.8889
309	0	13.8889
310	0.100111	13.8889
311	0	13.8889
312	0.0431655	13.8889
313	0.0465116	13.8889
314	0	13.8889
315	0	13.8889
316	0	13.8889
317	0.318093	13.8889
318	0.200744	13.8889
319	0	13.8889
320	0.0957406	13.8889
321	0.0535714	13.8889
322	0.10084	13.8889
323	0	13.8889
324	0.168929	13.8889
325	0.340607	13.8889
326	0.046875	13.8889
327	0.151007	13.8889
328	0.380415	13.8889
329	0.23038	13.8889
330	0.0917995	13.8889
331	0.294573	13.8889
332	0.0526316	13.8889
333	0.0953509	13.8889
334	0.254709	13.8889
335	0	13.8889
336	0.0487805	13.8889
337	0.106195	13.8889
338	0.147541	13.8889
339	0	13.8889
340	0	13.8889
341	0	13.8889
342	0	13.8889
343	0.0972058	13.8889
344	0.047619	13.8889
345	0	13.8889
346	0	13.8889
347	0.247424	13.8889
348	0.146927	13.8889
349	0	13.8889
350	0.0986631	13.8889
351	0.0681818	13.8889
352	0.0508475	13.8889
353	0.143137	13.8889
354	0.148214	13.8889
355	0.188682	13.8889
356	0.237422	13.8889
357	0.147541	13.8889
358	0.281021	13.8889
359	0.144558	13.8889
360	0.194342	13.8889
361	0.260661	13.8889
362	0.190524	13.8889
363	0.0365854	13.8889
364	0.0530973	13.8889
365	0.0444444	13.8889
366	0	13.8889
367	0.143362	13.8889
368	0	13.8889
369	0.174757	13.8889
370	0	13.8889
371	0.166213	13.8889
372	0.0566038	13.8889
373	0.0967742	13.8889
374	0.0504202	13.8889
375	0	13.8889
376	0	13.8889
377	0	13.8889
378	0.0996005	13.8889
379	0.329842	13.8889
380	0.0566038	13.8889
381	0.105784	13.8889
382	0.208472	13.8889
383	0.0530973	13.8889
384	0.219072	13.8889
385	0.0959695	13.8889
386	0.0451128	13.8889
387	0.146968	13.8889
388	0	13.8889
389	0.214286	13.8889
390	0	13.8889
391	0.158369	13.8889
392	0.185191	13.8889
393	0	13.8889
394	0.14206	13.8889
395	0.0576923	13.8889
396	0	13.8889
397	0.0413793	13.8889
398	0.100111	13.8889
399	0.155033	13.8889
400	0.186606	13.8889
401	0	13.8889
402	0.0985519	13.8889
403	0.260075	13.8889
404	0.0441176	13.8889
405	0	13.8889
406	0	13.8889
407	0.21225	13.8889
408	0.264743	13.8889
409	0.102572	13.8889
410	0.046875	13.8889
411	0.0454545	13.8889
412	0.0566038	13.8889
413	0.190909	13.8889
414	0	13.8889
415	0.0974077	13.8889
416	0.0441176	13.8889
417	0	13.8889
418	0.0883117	13.8889
419	0.0416667	13.8889
420	0.150169	13.8889
421	0	13.8889
422	0.0545455	13.8889
423	0.0526316	13.8889
424	0.208711	13.8889
425	0.2375	13.8889
426	0.0451128	13.8889
427	0.174362	13.8889
428	0.146322	13.8889
429	0.157895	13.8889
430	0.0952381	13.8889
431	0.104278	13.8889
432	0.362983	13.8889
433	0.0495868	13.8889
434	0.0960246	13.8889
435	0.0560748	13.8889
436	0.161684	13.8889
437	0.0451128	13.8889
438	0.100446	13.8889
439	0.158838	13.8889
440	0.0540541	13.8889
441	0.144263	13.8889
442	0.151479	13.8889
443	0.199107	13.8889
444	0	13.8889
445	0.0964286	13.8889
446	0.0535714	13.8889
447	0.257289	13.8889
448	0.196228	13.8889
449	0.251131	13.8889
450	0.13941	13.8889
451	0.0952381	13.8889
452	0.048	13.8889
453	0.203143	13.8889
454	0.60722	13.8889
455	0.158069	13.8889
456	0.154296	13.8889
457	0.103914	13.8889
458	0	13.8889
459	0.0895522	13.8889
460	0.306844	13.8889
461	0.0504202	13.8889
462	0.183608	13.8889
463	0.297704	13.8889
464	0	13.8889
465	0	13.8889
466	0.0504202	13.8889
467	0.532814	13.8889
468	0.356007	13.8889
469	0.404535	13.8889
470	0.252087	13.8889
471	0.385246	13.8889
472	0.312947	13.8889
473	0.194729	13.8889
474	0.217811	13.8889
475	0	13.8889
476	0.0465116	13.8889
477	0.199547	13.8889
478	0.145161	13.8889
479	0.137591	13.8889
480	0.211935	13.8889
481	0.0504202	13.8889
482	0.0495868	13.8889
483	0.0441176	13.8889
484	0.0487805	13.8889
485	0.154288	13.8889
486	0.0504202	13.8889
487	0.209073	13.8889
488	0.0512821	13.8889
489	0.203374	13.8889
490	0.0926737	13.8889
491	0.154412	13.8889
492	0.0956312	13.8889
493	0	13.8889
494	0.204927	13.8889
495	0.288659	13.8889
496	0	13.8889
497	0.0566038	13.8889
498	0.196399	13.8889
499	0.233333	13.8889
500	0.0437956	13.8889
501	0.0491803	13.8889
502	0.0576923	13.8889
503	0.0594059	13.8889
504	0.0530973	13.8889
505	0	13.8889
506	0	13.8889
507	0	13.8889
508	0.05	13.8889
509	0.282792	13.8889
510	0.194289	13.8889
511	0	13.8889
512	0	13.8889
513	0.190032	13.8889
514	0.151724	13.8889
515	0.144	13.8889
516	0.491606	13.8889
517	0.358333	13.8889
518	0.103448	13.8889
519	0.109866	13.8889
520	0.149587	13.8889
521	0.244647	13.8889
522	0.0487805	13.8889
523	0.0495868	13.8889
524	0.185009	13.8889
525	0.103448	13.8889
526	0.268961	13.8889
527	0.0517241	13.8889
528	0.20807	13.8889
529	0.277976	13.8889
530	0.31116	13.8889
531	0.147204	13.8889
532	0.210714	13.8889
533	0.05	13.8889
534	0.377036	13.8889
535	0.16	13.8889
536	0.361111	13.8889
537	0.107143	13.8889
538	0.184615	13.8889
539	0.103147	13.8889
540	0.0428571	13.8889
541	0.251171	13.8889
542	0.422293	13.8889
543	0.311039	13.8889
544	0	13.8889
545	0.20339	13.8889
546	0.472781	13.8889
547	0.16918	13.8889
548	0.10728	13.8889
549	0.229127	13.8889
550	0.266079	13.8889
551	0.145842	13.8889
552	0.322438	13.8889
553	0.254005	13.8889
554	0.210568	13.8889
555	0.301079	13.8889
556	0.169241	13.8889
557	0.383861	13.8889
558	0.711288	13.8889
559	0.0508475	13.8889
560	0.336864	13.8889
561	0.220765	13.8889
562	0.256448	13.8889
563	0.0545455	13.8889
564	0.106075	13.8889
565	0	13.8889
566	0.153846	13.8889
567	0.0461538	13.8889
568	0.0631579	13.8889
569	0.505386	13.8889
570	0.2	13.8889
571	0.0512821	13.8889
572	0	13.8889
573	0.0517241	13.8889
574	0.320379	13.8889
575	0.375894	13.8889
576	0	13.8889
577	0.177778	13.8889
578	0.122762	13.8889
579	0.101484	13.8889
580	0.0526316	13.8889
581	0.0454545	13.8889
582	0.0483871	13.8889
583	0.105784	13.8889
584	0.0483871	13.8889
585	0.046875	13.8889
586	0	13.8889
587	0	13.8889
588	0.261374	13.8889
589	0.386057	13.8889
590	0.0576923	13.8889
591	0.0545455	13.8889
592	0.0526316	13.8889
593	0.287033	13.8889
594	0	13.8889
595	0.160326	13.8889
596	0.156746	13.8889
597	0	13.8889
598	0	13.8889
599	0.146609	13.8889
600	0.155716	13.8889
601	0.0917367	13.8889
602	0.103943	13.8889
603	0.230485	13.8889
604	0	13.8889
605	0.0434783	13.8889
606	0.198171	13.8889
607	0.351959	13.8889
608	0.0892857	13.8889
609	0.0923077	13.8889
610	0.0483871	13.8889
611	0.139959	13.8889
612	0.263208	13.8889
613	0.1	13.8889
614	0.264937	13.8889
615	0.0938416	13.8889
616	0.15	13.8889
617	0	13.8889
618	0.109091	13.8889
619	0.106443	13.8889
620	0.257401	13.8889
621	0.316757	13.8889
622	0	13.8889
623	0.205157	13.8889
624	0.242045	13.8889
625	0.149673	13.8889
626	0	13.8889
627	0.1	13.8889
628	0.104356	13.8889
629	0.21287	13.8889
630	0.444695	13.8889
631	0.0526316	13.8889
632	0.316769	13.8889
633	0.10989	13.8889
634	0.163883	13.8889
635	0.274232	13.8889
636	0.137106	13.8889
637	0.15553	13.8889
638	0.140133	13.8889
639	0.152305	13.8889
640	0.087619	13.8889
641	0.0454545	13.8889
642	0.147964	13.8889
643	0	13.8889
644	0	13.8889
645	0.0487805	13.8889
646	0.245122	13.8889
647	0	13.8889
648	0.272001	13.8889
649	0	13.8889
650	0.2112	13.8889
651	0.230258	13.8889
652	0.10728	13.8889
653	0.197534	13.8889
654	0.0991736	13.8889
655	0.154387	13.8889
656	0	13.8889
657	0.142899	13.8889
658	0	13.8889
659	0.0555556	13.8889
660	0.046875	13.8889
661	0.093101	13.8889
662	0	13.8889
663	0.100632	13.8889
664	0	13.8889
665	0	13.8889
666	0.147541	13.8889
667	0.103479	13.8889
668	0.196432	13.8889
669	0.105893	13.8889
670	0.293377	13.8889
671	0.0491803	13.8889
672	0.0571429	13.8889
673	0.199725	13.8889
674	0.245181	13.8889
675	0.09093	13.8889
676	0	13.8889
677	0.0928981	13.8889
678	0.262626	13.8889
679	0.159501	13.8889
680	0.144806	13.8889
681	0.0582524	13.8889
682	0.155393	13.8889
683	0.101282	13.8889
684	0	13.8889
685	0	13.8889
686	0.0512821	13.8889
687	0.141086	13.8889
688	0.14004	13.8889
689	0.146321	13.8889
690	0.177778	13.8889
691	0.0996691	13.8889
692	0.261672	13.8889
693	0.0521739	13.8889
694	0.11165	13.8889
695	0.138799	13.8889
696	0.047619	13.8889
697	0.0512821	13.8889
698	0.13511	13.8889
699	0.154541	13.8889
700	0.0941307	13.8889
701	0.109406	13.8889
702	0.148787	13.8889
703	0.228866	13.8889
704	0.248175	13.8889
705	0.161959	13.8889
706	0.253365	13.8889
707	0.100446	13.8889
708	0	13.8889
709	0.144636	13.8889
710	0.493387	13.8889
711	0.510357	13.8889
712	0.599596	13.8889
713	0	13.8889
714	0.456275	13.8889
715	0.309915	13.8889
716	0.0487805	13.8889
717	0.35391	13.8889
718	0.204353	13.8889
719	0.314192	13.8889
720	0.156774	13.8889
721	0.11165	13.8889
722	0.148718	13.8889
723	0.149673	13.8889
724	0.199825	13.8889
725	0.208589	13.8889
726	0.0895522	13.8889
727	0	13.8889
728	0.106075	13.8889
729	0.150475	13.8889
730	0.099418	13.8889
731	0.186234	13.8889
732	0.206934	13.8889
733	0	13.8889
734	0.242382	13.8889
735	0.155227	13.8889
736	0.207031	13.8889
737	0.0571429	13.8889
738	0	13.8889
739	0.0560748	13.8889
740	0.0517241	13.8889
741	0.11215	13.8889
742	0.0674157	13.8889
743	0.188963	13.8889
744	0.0916031	13.8889
745	0.0995868	13.8889
746	0.158989	13.8889
747	0.378983	13.8889
748	0.0995066	13.8889
749	0.153916	13.8889
750	0	13.8889
751	0.188118	13.8889
752	0.245902	13.8889
753	0.0555556	13.8889
754	0	13.8889
755	0.0458015	13.8889
756	0.147292	13.8889
757	0.214867	13.8889
758	0.048	13.8889
759	0.143762	13.8889
760	0.0987671	13.8889
761	0.243653	13.8889
762	0.0517241	13.8889
763	0	13.8889
764	0	13.8889
765	0.0526316	13.8889
766	0.128839	13.8889
767	0	13.8889
768	0	13.8889
769	0.0923077	13.8889
770	0.152659	13.8889
771	0	13.8889
772	0.151098	13.8889
773	0.0461538	13.8889
774	0.0952381	13.8889
775	0.15	13.8889
776	0.0517241	13.8889
777	0.10119	13.8889
778	0.248924	13.8889
779	0.0535714	13.8889
780	0.204193	13.8889
781	0.18958	13.8889
782	0.0566038	13.8889
783	0.181753	13.8889
784	0.0517241	13.8889
785	0.0625	13.8889
786	0.047619	13.8889
787	0.0526316	13.8889
788	0.102058	13.8889
789	0.0545455	13.8889
790	0.09375	13.8889
791	0.0965003	13.8889
792	0	13.8889
793	0.046875	13.8889
794	0.155383	13.8889
795	0.310179	13.8889
796	0.103041	13.8889
797	0	13.8889
798	0	13.8889
799	0.191667	13.8889
800	0.05	13.8889
801	0.146154	13.8889
802	0.0638298	13.8889
803	0.35899	13.8889
804	0.154517	13.8889
805	0.0422535	13.8889
806	0.134295	13.8889
807	0.203985	13.8889
808	0	13.8889
809	0.0895522	13.8889
810	0.105263	13.8889
811	0.0909091	13.8889
812	0.206506	13.8889
813	0.332848	13.8889
814	0.155667	13.8889
815	0.0454545	13.8889
816	0.0410959	13.8889
817	0.27888	13.8889
818	0.142659	13.8889
819	0.103479	13.8889
820	0.1	13.8889
821	0.0508475	13.8889
822	0.04	13.8889
823	0.182565	13.8889
824	0	13.8889
825	0.156522	13.8889
826	0.100954	13.8889
827	0.103814	13.8889
828	0.100028	13.8889
829	0.0933866	13.8889
830	0.237565	13.8889
831	0.0530973	13.8889
832	0.291151	13.8889
833	0.0993432	13.8889
834	0.164624	13.8889
835	0.0451128	13.8889
836	0.137766	13.8889
837	0	13.8889
838	0.144486	13.8889
839	0.151744	13.8889
840	0.139689	13.8889
841	0.0995868	13.8889
842	0.571538	13.8889
843	0.094582	13.8889
844	0.216508	13.8889
845	0.0491803	13.8889
846	0.179834	13.8889
847	0.142137	13.8889
848	0.224897	13.8889
849	0.251594	13.8889
850	0	13.8889
851	0.206206	13.8889
852	0.135706	13.8889
853	0.192422	13.8889
854	0.549949	13.8889
855	0.383096	13.8889
856	0.31505	13.8889
857	0.247779	13.8889
858	0	13.8889
859	0.111111	13.8889
860	0.490492	13.8889
861	0.208462	13.8889
862	0.0483871	13.8889
863	0.107451	13.8889
864	0.137001	13.8889
865	0.112092	13.8889
866	0.158242	13.8889
867	0.1	13.8889
868	0.0566038	13.8889
869	0.21614	13.8889
870	0.206377	13.8889
871	0.151417	13.8889
872	0.0428571	13.8889
873	0.0960061	13.8889
874	0.216919	13.8889
875	0.216008	13.8889
876	0.153726	13.8889
877	0.0447761	13.8889
878	0.106875	13.8889
879	0.1125	13.8889
880	0.0971787	13.8889
881	0.109284	13.8889
882	0.22101	13.8889
883	0.0517241	13.8889
884	0.0934783	13.8889
885	0	13.8889
886	0	13.8889
887	0.147204	13.8889
888	0	13.8889
889	0	13.8889
890	0.243651	13.8889
891	0.0410959	13.8889
892	0.144635	13.8889
893	0.468911	13.8889
894	0.155825	13.8889
895	0	13.8889
896	0.251983	13.8889
897	0.0526316	13.8889
898	0.0555556	13.8889
899	0.0863354	13.8889
900	0.145705	13.8889
901	0.49686	13.8889
902	0.05	13.8889
903	0.290327	13.8889
904	0.0431655	13.8889
905	0.0566038	13.8889
906	0.0582524	13.8889
907	0.280406	13.8889
908	0.288301	13.8889
909	0.3523	13.8889
910	0.361918	13.8889
911	0.196899	13.8889
912	0.204114	13.8889
913	0.207385	13.8889
914	0.565213	13.8889
915	0.294761	13.8889
916	0.314643	13.8889
917	0.218997	13.8889
918	0.325382	13.8889
919	0.15119	13.8889
920	0.221276	13.8889
921	0.452148	13.8889
922	0.194901	13.8889
923	0.14718	13.8889
924	0.103234	13.8889
925	0.146125	13.8889
926	0.159272	13.8889
927	0.14029	13.8889
928	0.0431655	13.8889
929	0	13.8889
930	0.0451128	13.8889
931	0.283617	13.8889
932	0	13.8889
933	0.146161	13.8889
934	0.101557	13.8889
935	0.149872	13.8889
936	0.444607	13.8889
937	0.288753	13.8889
938	0.302846	13.8889
939	0.254177	13.8889
940	0.550079	13.8889
941	0.097561	13.8889
942	0.243293	13.8889
943	0.212331	13.8889
944	0.145197	13.8889
945	0.210803	13.8889
946	0.359462	13.8889
947	0.200348	13.8889
948	0.111443	13.8889
949	0	13.8889
950	0.106328	13.8889
951	0.213962	13.8889
952	0	13.8889
953	0.388494	13.8889
954	0.0897321	13.8889
955	0.15391	13.8889
956	0.116505	13.8889
957	0.209824	13.8889
958	0.10785	13.8889
959	0.140789	13.8889
960	0.203374	13.8889
961	0.186101	13.8889
962	0.0472441	13.8889
963	0.276481	13.8889
964	0.203102	13.8889
965	0	13.8889
966	0.0422535	13.8889
967	0.08	13.8889
968	0.0491803	13.8889
969	0.0555556	13.8889
970	0.0491803	13.8889
971	0.0906406	13.8889
972	0.0588235	13.8889
973	0.104419	13.8889
974	0.178894	13.8889
975	0.0958249	13.8889
976	0.20092	13.8889
977	0.157303	13.8889
978	0.0461538	13.8889
979	0.157547	13.8889
980	0.269675	13.8889
981	0.106679	13.8889
982	0.226545	13.8889
983	0.0945409	13.8889
984	0.194305	13.8889
985	0.0491803	13.8889
986	0.102137	13.8889
987	0.190102	13.8889
988	0.2427	13.8889
989	0	13.8889
990	0	13.8889
991	0.0919878	13.8889
992	0.0939564	13.8889
993	0.0491803	13.8889
994	0.0540541	13.8889
995	0.0434783	13.8889
996	0.308261	13.8889
997	0.309791	13.8889
998	0.302679	13.8889
999	0.0953342	13.8889
1000	0.106669	13.8889
1001	0.0521739	13.8889
1002	0	13.8889
1003	0.0961686	13.8889
1004	0.0447761	13.8889
1005	0.109375	13.8889
1006	0.143843	13.8889
1007	0	13.8889
1008	0	13.8889
1009	0.0576923	13.8889
1010	0.405706	13.8889
1011	0.15293	13.8889
1012	0.294382	13.8889
1013	0.0428571	13.8889
1014	0.0508475	13.8889
1015	0.05	13.8889
1016	0.159068	13.8889
1017	0	13.8889
1018	0.0967742	13.8889
1019	0.141279	13.8889
1020	0.109091	13.8889
1021	0	13.8889
1022	0.046875	13.8889
1023	0.0526316	13.8889
1024	0.140027	13.8889
1025	0	13.8889
1026	0	13.8889
1027	0.0545455	13.8889
1028	0.198337	13.8889
1029	0.0508475	13.8889
1030	0.209352	13.8889
1031	0.101724	13.8889
1032	0	13.8889
1033	0	13.8889
1034	0.210526	13.8889
1035	0.107177	13.8889
1036	0.225427	13.8889
1037	0	13.8889
1038	0.0952381	13.8889
1039	0	13.8889
1040	0.241071	13.8889
1041	0.108117	13.8889
1042	0.122449	13.8889
1043	0.0897321	13.8889
1044	0.150323	13.8889
1045	0.242424	13.8889
1046	0.192832	13.8889
1047	0.144393	13.8889
1048	0.199215	13.8889
1049	0.592791	13.8889
1050	0.105142	13.8889
1051	0.439301	13.8889
1052	0.434694	13.8889
1053	0.2	13.8889
1054	0.245816	13.8889
1055	0.388743	13.8889
1056	0.0526316	13.8889
1057	0.187908	13.8889
1058	0.0971676	13.8889
1059	0.10084	13.8889
1060	0.646589	13.8889
1061	0.101282	13.8889
1062	0.371394	13.8889
1063	0.84196	13.8889
1064	0.14336	13.8889
1065	0.424912	13.8889
1066	0.292133	13.8889
1067	0.215022	13.8889
1068	0.181818	13.8889
1069	0.254011	13.8889
1070	0.498438	13.8889
1071	0.0987671	13.8889
1072	0.0560748	13.8889
1073	0.473327	13.8889
1074	0.199586	13.8889
1075	0.342605	13.8889
1076	0.0960061	13.8889
1077	0.196	13.8889
1078	0.249498	13.8889
1079	0.418453	13.8889
1080	0.05	13.8889
1081	0.0991736	13.8889
1082	0.259955	13.8889
1083	0	13.8889
1084	0.349704	13.8889
1085	0	13.8889
1086	0.102468	13.8889
1087	0.180451	13.8889
1088	0.0974077	13.8889
1089	0.0504202	13.8889
1090	0.048	13.8889
1091	0.0540541	13.8889
1092	0.10918	13.8889
1093	0.245238	13.8889
1094	0.048	13.8889
1095	0.197161	13.8889
1096	0.0504202	13.8889
1097	0.231864	13.8889
1098	0.418156	13.8889
1099	0.141049	13.8889
1100	0.0530973	13.8889
1101	0.0512821	13.8889
1102	0.0982358	13.8889
1103	0	13.8889
1104	0.270881	13.8889
1105	0.302423	13.8889
1106	0.251605	13.8889
1107	0	13.8889
1108	0	13.8889
1109	0.301335	13.8889
1110	0.047619	13.8889
1111	0.14918	13.8889
1112	0.0967742	13.8889
1113	0	13.8889
1114	0	13.8889
1115	0.0428571	13.8889
1116	0	13.8889
1117	0.0447761	13.8889
1118	0.0504202	13.8889
1119	0	13.8889
1120	0.193456	13.8889
1121	0.0465116	13.8889
1122	0	13.8889
1123	0.101484	13.8889
1124	0.292149	13.8889
1125	0	13.8889
1126	0.0560748	13.8889
1127	0.0909403	13.8889
1128	0.203839	13.8889
1129	0.250212	13.8889
1130	0	13.8889
1131	0.0512821	13.8889
1132	0.164208	13.8889
1133	0.142803	13.8889
1134	0.149492	13.8889
1135	0.133575	13.8889
1136	0.274557	13.8889
1137	0.249312	13.8889
1138	0.632059	13.8889
1139	0.287427	13.8889
1140	0.0923077	13.8889
1141	0	13.8889
1142	0	13.8889
1143	0.153828	13.8889
1144	0.138462	13.8889
1145	0.0461538	13.8889
1146	0.180693	13.8889
1147	0.0454545	13.8889
1148	0.185394	13.8889
1149	0.212684	13.8889
1150	0	13.8889
1151	0.137868	13.8889
1152	0.0352941	13.8889
1153	0.222943	13.8889
1154	0.215203	13.8889
1155	0.103479	13.8889
1156	0.283529	13.8889
1157	0.0483871	13.8889
1158	0.253229	13.8889
1159	0.334384	13.8889
1160	0.24376	13.8889
1161	0.15099	13.8889
1162	0.334073	13.8889
1163	0.103726	13.8889
1164	0.192763	13.8889
1165	0.455797	13.8889
1166	0.0926586	13.8889
1167	0.20217	13.8889
1168	0.291251	13.8889
1169	0.374534	13.8889
1170	0.243276	13.8889
1171	0.0517241	13.8889
1172	0	13.8889
1173	0.0987854	13.8889
1174	0.115385	13.8889
1175	0.198132	13.8889
1176	0.136641	13.8889
1177	0.276986	13.8889
1178	0.107378	13.8889
1179	0.0441176	13.8889
1180	0.152778	13.8889
1181	0.0566038	13.8889
1182	0.0517241	13.8889
1183	0.0422535	13.8889
1184	0.203054	13.8889
1185	0.160042	13.8889
1186	0.0526316	13.8889
1187	0.159851	13.8889
1188	0.196207	13.8889
1189	0.259562	13.8889
1190	0.176471	13.8889
1191	0.161784	13.8889
1192	0.094875	13.8889
1193	0.166537	13.8889
1194	0.320693	13.8889
1195	0.108249	13.8889
1196	0.357876	13.8889
1197	0.106328	13.8889
1198	0.0495868	13.8889
1199	0	13.8889
1200	0	13.8889
1201	0.0458015	13.8889
1202	0.150859	13.8889
1203	0.306623	13.8889
1204	0.112836	13.8889
1205	0.0441176	13.8889
1206	0.696031	13.8889
1207	0.624956	13.8889
1208	0.0422535	13.8889
1209	0.431185	13.8889
1210	0.545387	13.8889
1211	0.28968	13.8889
1212	0.30702	13.8889
1213	0.109091	13.8889
1214	0.32337	13.8889
1215	0	13.8889
1216	0.0909091	13.8889
1217	0.380455	13.8889
1218	0.52325	13.8889
1219	0.235463	13.8889
1220	0.189169	13.8889
1221	0	13.8889
1222	0	13.8889
1223	0.421654	13.8889
1224	0.183322	13.8889
1225	0.215014	13.8889
1226	0.200752	13.8889
1227	0.145005	13.8889
1228	0.390551	13.8889
1229	0.243128	13.8889
1230	0.349005	13.8889
1231	0.209812	13.8889
1232	0.193548	13.8889
1233	0.191384	13.8889
1234	0.141218	13.8889
1235	0.0461538	13.8889
1236	0.150718	13.8889
1237	0.18098	13.8889
1238	0.276898	13.8889
1239	0.172669	13.8889
1240	0.147885	13.8889
1241	0.151953	13.8889
1242	0	13.8889
1243	0.135354	13.8889
1244	0	13.8889
1245	0.151652	13.8889
1246	0.0909091	13.8889
1247	0.0882353	13.8889
1248	0.237076	13.8889
1249	0.0434783	13.8889
1250	0	13.8889
1251	0.153571	13.8889
1252	0.196477	13.8889
1253	0	13.8889
1254	0.0483871	13.8889
1255	0.0416667	13.8889
1256	0.0517241	13.8889
1257	0	13.8889
1258	0.21558	13.8889
1259	0.0916084	13.8889
1260	0.0508475	13.8889
1261	0.105263	13.8889
1262	0.0434783	13.8889
1263	0.246212	13.8889
1264	0.138526	13.8889
1265	0.149578	13.8889
1266	0	13.8889
1267	0.139904	13.8889
1268	0.10728	13.8889
1269	0	13.8889
1270	0.0576923	13.8889
1271	0	13.8889
1272	0	13.8889
1273	0.05	13.8889
1274	0.194776	13.8889
1275	0.05	13.8889
1276	0	13.8889
1277	0.10728	13.8889
1278	0.0566038	13.8889
1279	0.208127	13.8889
1280	0.294061	13.8889
1281	0.15725	13.8889
1282	0.0612245	13.8889
1283	0.0952381	13.8889
1284	0.103992	13.8889
1285	0.312543	13.8889
1286	0.0851064	13.8889
1287	0.0461538	13.8889
1288	0.19614	13.8889
1289	0.0491803	13.8889
1290	0.0540541	13.8889
1291	0	13.8889
1292	0.25578	13.8889
1293	0	13.8889
1294	0.185761	13.8889
1295	0.0953342	13.8889
1296	0.394187	13.8889
1297	0.048	13.8889
1298	0.266402	13.8889
1299	0.300823	13.8889
1300	0.094875	13.8889
1301	0.0458015	13.8889
1302	0.144095	13.8889
1303	0.196418	13.8889
1304	0.116401	13.8889
1305	0.105263	13.8889
1306	0.113138	13.8889
1307	0.270324	13.8889
1308	0	13.8889
1309	0.0428571	13.8889
1310	0.0540541	13.8889
1311	0.104821	13.8889
1312	0.343754	13.8889
1313	0.220588	13.8889
1314	0.0472441	13.8889
1315	0.0919554	13.8889
1316	0	13.8889
1317	0.102564	13.8889
1318	0	13.8889
1319	0.0491803	13.8889
1320	0.144628	13.8889
1321	0.168495	13.8889
1322	0.147856	13.8889
1323	0.18186	13.8889
1324	0.150847	13.8889
1325	0.0487805	13.8889
1326	0	13.8889
1327	0.308012	13.8889
1328	0.0437956	13.8889
1329	0.100174	13.8889
1330	0.0881596	13.8889
1331	0	13.8889
1332	0.0472441	13.8889
1333	0.143619	13.8889
1334	0.105393	13.8889
1335	0.161111	13.8889
1336	0.306959	13.8889
1337	0.154729	13.8889
1338	0.0495868	13.8889
1339	0.108112	13.8889
1340	0.0434783	13.8889
1341	0.235422	13.8889
1342	0.0987805	13.8889
1343	0	13.8889
1344	0.0451128	13.8889
1345	0.0428571	13.8889
1346	0.140909	13.8889
1347	0.0483871	13.8889
1348	0.05	13.8889
1349	0.100251	13.8889
1350	0.160714	13.8889
1351	0.0983607	13.8889
1352	0.0985209	13.8889
1353	0.211659	13.8889
1354	0.0521739	13.8889
1355	0.601501	13.8889
1356	0.152425	13.8889
1357	0.0526316	13.8889
1358	0.097619	13.8889
1359	0.147834	13.8889
1360	0.234751	13.8889
1361	0.0582524	13.8889
1362	0.100462	13.8889
1363	0.100007	13.8889
1364	0.0566038	13.8889
1365	0.104853	13.8889
1366	0.0504202	13.8889
1367	0	13.8889
1368	0.0444444	13.8889
1369	0.0454545	13.8889
1370	0.107025	13.8889
1371	0.0545455	13.8889
1372	0.0833374	13.8889
1373	0.113782	13.8889
1374	0.0952381	13.8889
1375	0.147866	13.8889
1376	0.0983607	13.8889
1377	0	13.8889
1378	0.101702	13.8889
1379	0.0451128	13.8889
1380	0.104853	13.8889
1381	0.0530973	13.8889
1382	0.181155	13.8889
1383	0.103448	13.8889
1384	0	13.8889
1385	0	13.8889
1386	0	13.8889
1387	0	13.8889
1388	0.206897	13.8889
1389	0	13.8889
1390	0.0947761	13.8889
1391	0.0521739	13.8889
1392	0	13.8889
1393	0.0458015	13.8889
1394	0.102684	13.8889
1395	0.148781	13.8889
1396	0.0447761	13.8889
1397	0	13.8889
1398	0.221548	13.8889
1399	0	13.8889
1400	0.0487805	13.8889
1401	0.046875	13.8889
1402	0.0517241	13.8889
1403	0	13.8889
1404	0.05	13.8889
1405	0.222222	13.8889
1406	0.152564	13.8889
1407	0.387933	13.8889
1408	0.275893	13.8889
1409	0.0491803	13.8889
1410	0.393455	13.8889
1411	0.0495868	13.8889
1412	0.155263	13.8889
1413	0.0495868	13.8889
1414	0.0483871	13.8889
1415	0.152636	13.8889
1416	0	13.8889
1417	0.0882353	13.8889
1418	0.207528	13.8889
1419	0.167072	13.8889
1420	0.158997	13.8889
1421	0.168067	13.8889
1422	0.119477	13.8889
1423	0.144875	13.8889
1424	0.105296	13.8889
1425	0	13.8889
1426	0	13.8889
1427	0.300268	13.8889
1428	0	13.8889
1429	0	13.8889
1430	0.0428571	13.8889
1431	0.0461538	13.8889
1432	0.0431655	13.8889
1433	0.0965003	13.8889
1434	0.150021	13.8889
1435	0.048	13.8889
1436	0.328469	13.8889
1437	0.106873	13.8889
1438	0.205997	13.8889
1439	0.212077	13.8889
1440	0.186508	13.8889
1441	0.108143	13.8889
1442	0.280281	13.8889
1443	0.147541	13.8889
1444	0.141695	13.8889
1445	0.231694	13.8889
1446	0.0731707	13.8889
1447	0.0517241	13.8889
1448	0.10119	13.8889
1449	0.456465	13.8889
1450	0.0535714	13.8889
1451	0.155719	13.8889
1452	0	13.8889
1453	0.271352	13.8889
1454	0.192369	13.8889
1455	0.075	13.8889
1456	0.0517241	13.8889
1457	0.107207	13.8889
1458	0.06	13.8889
1459	0.0612245	13.8889
1460	0.0810811	13.8889
1461	0.0625	13.8889
1462	0.211568	13.8889
1463	0.0917367	13.8889
1464	0.046875	13.8889
1465	0	13.8889
1466	0.0422535	13.8889
1467	0	13.8889
1468	0.264331	13.8889
1469	0.0434783	13.8889
1470	0	13.8889
1471	0.301701	13.8889
1472	0.193548	13.8889
1473	0.135786	13.8889
1474	0.252304	13.8889
1475	0.109091	13.8889
1476	0.0405405	13.8889
1477	0.237616	13.8889
1478	0.0410959	13.8889
1479	0.136364	13.8889
1480	0.18599	13.8889
1481	0	13.8889
1482	0.047619	13.8889
1483	0.147709	13.8889
1484	0.0555556	13.8889
1485	0.0576923	13.8889
1486	0	13.8889
1487	0	13.8889
1488	0.0923952	13.8889
1489	0.0491803	13.8889
1490	0.140625	13.8889
1491	0.05	13.8889
1492	0.0447761	13.8889
1493	0.148387	13.8889
1494	0.0872497	13.8889
1495	0.179464	13.8889
1496	0	13.8889
1497	0.219295	13.8889
1498	0.0967742	13.8889
1499	0.046875	13.8889
1500	0	13.8889
1501	0.046875	13.8889
1502	0.104991	13.8889
1503	0	13.8889
1504	0	13.8889
1505	0.0416667	13.8889
1506	0.0566038	13.8889
1507	0.13948	13.8889
1508	0.0986631	13.8889
1509	0.047619	13.8889
1510	0.108187	13.8889
1511	0.206373	13.8889
1512	0	13.8889
1513	0.097619	13.8889
1514	0.0535714	13.8889
1515	0	13.8889
1516	0.162849	13.8889
1517	0.05	13.8889
1518	0.047619	13.8889
1519	0.191667	13.8889
1520	0.149381	13.8889
1521	0.135508	13.8889
1522	0.157692	13.8889
1523	0.100904	13.8889
1524	0.0483871	13.8889
1525	0.160052	13.8889
1526	0.2	13.8889
1527	0.0517241	13.8889
1528	0	13.8889
1529	0.218562	13.8889
1530	0.0483871	13.8889
1531	0.15	13.8889
1532	0	13.8889
1533	0.15365	13.8889
1534	0.153448	13.8889
1535	0.047619	13.8889
1536	0	13.8889
1537	0.0909926	13.8889
1538	0.151067	13.8889
1539	0.117828	13.8889
1540	0.161111	13.8889
1541	0.236874	13.8889
1542	0.0461538	13.8889
1543	0.0447761	13.8889
1544	0.05	13.8889
1545	0.0545455	13.8889
1546	0.201724	13.8889
1547	0.0447761	13.8889
1548	0.10627	13.8889
1549	0.133088	13.8889
1550	0.0714286	13.8889
1551	0.0434783	13.8889
1552	0.348008	13.8889
1553	0.2587	13.8889
1554	0.0916667	13.8889
1555	0.342172	13.8889
1556	0.177807	13.8889
1557	0.33799	13.8889
1558	0.151067	13.8889
1559	0.15293	13.8889
1560	0.0508475	13.8889
1561	0.284261	13.8889
1562	0.160244	13.8889
1563	0	13.8889
1564	0.0458015	13.8889
1565	0.096	13.8889
1566	0.0461538	13.8889
1567	0.254638	13.8889
1568	0.0487805	13.8889
1569	0.148853	13.8889
1570	0.143291	13.8889
1571	0.444263	13.8889
1572	0.0958418	13.8889
1573	0.253477	13.8889
1574	0.193185	13.8889
1575	0.145277	13.8889
1576	0.15378	13.8889
1577	0.0545455	13.8889
1578	0.0487805	13.8889
1579	0.258343	13.8889
1580	0.0566038	13.8889
1581	0.0487805	13.8889
1582	0.0990489	13.8889
1583	0.0946996	13.8889
1584	0	13.8889
1585	0.200843	13.8889
1586	0.048	13.8889
1587	0.421248	13.8889
1588	0.110636	13.8889
1589	0	13.8889
1590	0.0441176	13.8889
1591	0.162673	13.8889
1592	0.0869565	13.8889
1593	0.142005	13.8889
1594	0.145027	13.8889
1595	0.05	13.8889
1596	0.0526316	13.8889
1597	0.199187	13.8889
1598	0.145917	13.8889
1599	0.210301	13.8889
1600	0.0491803	13.8889
1601	0.103021	13.8889
1602	0.10084	13.8889
1603	0	13.8889
1604	0.0461538	13.8889
1605	0.0428571	13.8889
1606	0	13.8889
1607	0.183222	13.8889
1608	0.151282	13.8889
1609	0.105271	13.8889
1610	0.0447761	13.8889
1611	0	13.8889
1612	0.0512821	13.8889
1613	0	13.8889
1614	0.108112	13.8889
1615	0.0540541	13.8889
1616	0.100716	13.8889
1617	0.1	13.8889
1618	0.0902256	13.8889
1619	0	13.8889
1620	0	13.8889
1621	0.0550459	13.8889
1622	0.0491803	13.8889
1623	0	13.8889
1624	0.0995868	13.8889
1625	0.0521739	13.8889
1626	0.146662	13.8889
1627	0.117216	13.8889
1628	0.280577	13.8889
1629	0.0461538	13.8889
1630	0	13.8889
1631	0.0428571	13.8889
1632	0	13.8889
1633	0.0422535	13.8889
1634	0.0512821	13.8889
1635	0.0434783	13.8889
1636	0	13.8889
1637	0	13.8889
1638	0	13.8889
1639	0.0555556	13.8889
1640	0	13.8889
1641	0	13.8889
1642	0	13.8889
1643	0.221741	13.8889
1644	0.558809	13.8889
1645	0.0483871	13.8889
1646	0.184484	13.8889
1647	0.251726	13.8889
1648	0.111111	13.8889
1649	0	13.8889
1650	0	13.8889
1651	0	13.8889
1652	0	13.8889
1653	0.262381	13.8889
1654	0.0540541	13.8889
1655	0.048	13.8889
1656	0.260627	13.8889
1657	0.145239	13.8889
1658	0.0571429	13.8889
1659	0.144162	13.8889
1660	0.188947	13.8889
1661	0.0461538	13.8889
1662	0.189113	13.8889
1663	0.0972867	13.8889
1664	0	13.8889
1665	0.104519	13.8889
1666	0.0487805	13.8889
1667	0.195496	13.8889
1668	0.10042	13.8889
1669	0	13.8889
1670	0.247213	13.8889
1671	0.0916031	13.8889
1672	0.286035	13.8889
1673	0.204891	13.8889
1674	0.046875	13.8889
1675	0.140037	13.8889
1676	0.249879	13.8889
1677	0.100007	13.8889
1678	0.145135	13.8889
1679	0.451485	13.8889
1680	0.144075	13.8889
1681	0.197034	13.8889
1682	0.150346	13.8889
1683	0.308164	13.8889
1684	0.046875	13.8889
1685	0	13.8889
1686	0.0923077	13.8889
1687	0.260892	13.8889
1688	0.0508475	13.8889
1689	0.142953	13.8889
1690	0	13.8889
1691	0.283657	13.8889
1692	0.0365854	13.8889
1693	0.126968	13.8889
1694	0.05	13.8889
1695	0.113571	13.8889
1696	0.377004	13.8889
1697	0	13.8889
1698	0.293626	13.8889
1699	0.155844	13.8889
1700	0.152308	13.8889
1701	0.0967994	13.8889
1702	0	13.8889
1703	0.087155	13.8889
1704	0	13.8889
1705	0.0906852	13.8889
1706	0	13.8889
1707	0.0851449	13.8889
1708	0	13.8889
1709	0	13.8889
1710	0.106203	13.8889
1711	0	13.8889
1712	0.211111	13.8889
1713	0.0800636	13.8889
1714	0	13.8889
1715	0	13.8889
1716	0.145308	13.8889
1717	0.293838	13.8889
1718	0.0859951	13.8889
1719	0.15	13.8889
1720	0.174242	13.8889
1721	0.214934	13.8889
1722	0.142857	13.8889
1723	0.307438	13.8889
1724	0.0566038	13.8889
1725	0.173764	13.8889
1726	0	13.8889
1727	0.179283	13.8889
1728	0.227972	13.8889
1729	0.0535714	13.8889
1730	0.29432	13.8889
1731	0.0428571	13.8889
1732	0.05	13.8889
1733	0.0988573	13.8889
1734	0.100904	13.8889
1735	0	13.8889
1736	0	13.8889
1737	0.0566038	13.8889
1738	0.105217	13.8889
1739	0.0483871	13.8889
1740	0.08	13.8889
1741	0	13.8889
1742	0	13.8889
1743	0.330819	13.8889
1744	0.308833	13.8889
1745	0.0535714	13.8889
1746	0.0555556	13.8889
1747	0.0952381	13.8889
1748	0.0588235	13.8889
1749	0.0491803	13.8889
1750	0.047619	13.8889
1751	0.047619	13.8889
1752	0.108099	13.8889
1753	0.0491803	13.8889
1754	0.0454545	13.8889
1755	0.335176	13.8889
1756	0	13.8889
1757	0.0992346	13.8889
1758	0.218254	13.8889
1759	0.492999	13.8889
1760	0.117514	13.8889
1761	0.198484	13.8889
1762	0.0508475	13.8889
1763	0.262202	13.8889
1764	0.0555556	13.8889
1765	0.243596	13.8889
1766	0.10728	13.8889
1767	0.0871212	13.8889
1768	0	13.8889
1769	0.156463	13.8889
1770	0.0461538	13.8889
1771	0.1	13.8889
1772	0.161449	13.8889
1773	0.1875	13.8889
1774	0.308887	13.8889
1775	0.341374	13.8889
1776	0.047619	13.8889
1777	0.0535714	13.8889
1778	0.0566038	13.8889
1779	0	13.8889
1780	0.144798	13.8889
1781	0.356333	13.8889
1782	0.05	13.8889
1783	0.41653	13.8889
1784	0.154964	13.8889
1785	0	13.8889
1786	0.0898085	13.8889
1787	0.278361	13.8889
1788	0.191968	13.8889
1789	0.198469	13.8889
1790	0.0920375	13.8889
1791	0.169371	13.8889
1792	0.047619	13.8889
1793	0.0555556	13.8889
1794	0.0952621	13.8889
1795	0.0454545	13.8889
1796	0.0454545	13.8889
1797	0.190803	13.8889
1798	0.154443	13.8889
1799	0.0910973	13.8889
1800	0.175889	13.8889
1801	0.0454545	13.8889
1802	0	13.8889
1803	0.0975674	13.8889
1804	0	13.8889
1805	0.294816	13.8889
1806	0.241314	13.8889
1807	0.182853	13.8889
1808	0.375837	13.8889
1809	0.0555556	13.8889
1810	0.0540541	13.8889
1811	0.154296	13.8889
1812	0.0441176	13.8889
1813	0.200048	13.8889
1814	0.109091	13.8889
1815	0.245227	13.8889
1816	0.259888	13.8889
1817	0.190572	13.8889
1818	0.207157	13.8889
1819	0.404538	13.8889
1820	0.3055	13.8889
1821	0.144741	13.8889
1822	0	13.8889
1823	0.150432	13.8889
1824	0.29857	13.8889
1825	0	13.8889
1826	0.096	13.8889
1827	0	13.8889
1828	0.0483871	13.8889
1829	0.100566	13.8889
1830	0.145186	13.8889
1831	0.0991009	13.8889
1832	0.197198	13.8889
1833	0.150786	13.8889
1834	0.32541	13.8889
1835	0	13.8889
1836	0.105745	13.8889
1837	0.154805	13.8889
1838	0.131387	13.8889
1839	0.0892304	13.8889
1840	0.048	13.8889
1841	0.0472441	13.8889
1842	0.106604	13.8889
1843	0.0920202	13.8889
1844	0.0434783	13.8889
1845	0	13.8889
1846	0	13.8889
1847	0	13.8889
1848	0.05	13.8889
1849	0.0526316	13.8889
1850	0.0535714	13.8889
1851	0.383402	13.8889
1852	0.0612245	13.8889
1853	0.0517241	13.8889
1854	0.105263	13.8889
1855	0.105893	13.8889
1856	0.0988989	13.8889
1857	0.0986855	13.8889
1858	0.104462	13.8889
1859	0	13.8889
1860	0	13.8889
1861	0	13.8889
1862	0.0555556	13.8889
1863	0	13.8889
1864	0.0903533	13.8889
1865	0.198347	13.8889
1866	0.195257	13.8889
1867	0.221592	13.8889
1868	0.096	13.8889
1869	0	13.8889
1870	0.150658	13.8889
1871	0.150818	13.8889
1872	0.165138	13.8889
1873	0.247826	13.8889
1874	0.0550459	13.8889
1875	0.0425532	13.8889
1876	0.194803	13.8889
1877	0.279105	13.8889
1878	0.317686	13.8889
1879	0.244529	13.8889
1880	0.151698	13.8889
1881	0.205128	13.8889
1882	0.229449	13.8889
1883	0.221338	13.8889
1884	0.0512821	13.8889
1885	0	13.8889
1886	0.0444444	13.8889
1887	0.153439	13.8889
1888	0.0444444	13.8889
1889	0.0526316	13.8889
1890	0.122449	13.8889
1891	0.156396	13.8889
1892	0.0972867	13.8889
1893	0.0960061	13.8889
1894	0.0571429	13.8889
1895	0.100505	13.8889
1896	0.0487805	13.8889
1897	0.0458015	13.8889
1898	0.0454545	13.8889
1899	0.0472441	13.8889
1900	0.237074	13.8889
1901	0	13.8889
1902	0.144932	13.8889
1903	0.0909143	13.8889
1904	0.213505	13.8889
1905	0.0550459	13.8889
1906	0.0918654	13.8889
1907	0.201882	13.8889
1908	0.148942	13.8889
1909	0.206212	13.8889
1910	0.254362	13.8889
1911	0.0512821	13.8889
1912	0	13.8889
1913	0.203953	13.8889
1914	0.0937044	13.8889
1915	0.0576923	13.8889
1916	0	13.8889
1917	0.169897	13.8889
1918	0.0952921	13.8889
1919	0.0945116	13.8889
1920	0.144611	13.8889
1921	0.148849	13.8889
1922	0.0512821	13.8889
1923	0.0465116	13.8889
1924	0.342309	13.8889
1925	0.207692	13.8889
1926	0.0530973	13.8889
1927	0.498955	13.8889
1928	0.0956555	13.8889
1929	0.201263	13.8889
1930	0.104821	13.8889
1931	0.06	13.8889
1932	0.106068	13.8889
1933	0	13.8889
1934	0.0950554	13.8889
1935	0.193173	13.8889
1936	0.0560748	13.8889
1937	0.0521739	13.8889
1938	0.0970497	13.8889
1939	0.105207	13.8889
1940	0.0495868	13.8889
1941	0.0483871	13.8889
1942	0.0962121	13.8889
1943	0.0434783	13.8889
1944	0	13.8889
1945	0.139329	13.8889
1946	0	13.8889
1947	0.0451128	13.8889
1948	0.1	13.8889
1949	0.1086	13.8889
1950	0.0923295	13.8889
1951	0.0961686	13.8889
1952	0.179778	13.8889
1953	0.151268	13.8889
1954	0.104633	13.8889
1955	0.160234	13.8889
1956	0.261051	13.8889
1957	0.196139	13.8889
1958	0.0487805	13.8889
1959	0.25974	13.8889
1960	0.243144	13.8889
1961	0.226174	13.8889
1962	0.235374	13.8889
1963	0.346265	13.8889
1964	0.477566	13.8889
1965	1.13364	13.8889
1966	0.643423	13.8889
1967	0.488661	13.8889
1968	0.724648	13.8889
1969	0.766842	13.8889
1970	0.144169	13.8889
1971	0.658205	13.8889
1972	0.0483871	13.8889
1973	0.0377358	13.8889
1974	0.0517241	13.8889
1975	0.223684	13.8889
1976	0.251258	13.8889
1977	0.140566	13.8889
1978	0.0521739	13.8889
1979	0.046875	13.8889
1980	0.0959602	13.8889
1981	0.0451128	13.8889
1982	0.0495868	13.8889
1983	0.0950554	13.8889
1984	0	13.8889
1985	0.0422535	13.8889
1986	0.0855937	13.8889
1987	0.141575	13.8889
1988	0.0961538	13.8889
1989	0.107143	13.8889
1990	0.0545455	13.8889
1991	0.0454545	13.8889
1992	0.14424	13.8889
1993	0.0441176	13.8889
1994	0.197765	13.8889
1995	0.0984665	13.8889
1996	0.106443	13.8889
1997	0.0987854	13.8889
1998	0.0517241	13.8889
1999	0.0405405	13.8889
2000	0	13.8889
