1 294
2 584
3 860
4 295.6
5 474
6 448
7 278
8 770
9 311
10 902
11 970
12 852
13 728
14 846
15 888
16 874
17 766
18 572
19 586
20 520
21 928
22 894
23 776
24 844
25 640
26 520
27 548
28 868
29 684
30 488
31 631.6
32 802
33 838
34 868
35 852
36 828
37 618.4
38 798
39 594
40 764
41 776
42 742
43 820
44 784
45 796
46 848
47 896
48 702
49 828
50 581.8
51 888
52 692
53 842
54 570
55 698
56 852
57 770
58 674
59 814
60 872
61 758
62 484
63 528
64 659.4
65 554
66 724
67 862
68 468
69 920
70 604.2
71 615.6
72 752
73 734
74 708
75 846
76 582.2
77 694
78 900
79 624
80 608
81 918
82 836
83 565.6
84 660
85 884
86 890
87 904
88 810
89 576
90 580
91 598
92 856
93 728
94 729.6
95 638
96 804
97 664
98 728
99 776
100 858
