1 984
2 436
3 595.8
4 438
5 858
6 436
7 442
8 584
9 404
10 886
11 554
12 888
13 544
14 780
15 696
16 920
17 586
18 498
19 594
20 584
21 576
22 784
23 606
24 560
25 914
26 792
27 844
28 680
29 576
30 608
31 930
32 214
33 262
34 628
35 878
36 778
37 852
38 530
39 814
40 904
41 500
42 772
43 910
44 614
45 846
46 902
47 890
48 576
49 780
50 936
51 562
52 804
53 574
54 436
55 653.8
56 870
57 646
58 764
59 735.6
60 874
61 596
62 788
63 662.4
64 764
65 782
66 870
67 470
68 578
69 566
70 762
71 884
72 768
73 876
74 726
75 956
76 840
77 894
78 918
79 880
80 896
81 916
82 850
83 812
84 830
85 792
86 842
87 808
88 820
89 774
90 840
91 912
92 926
93 920
94 916
95 876
96 820
97 882
98 715.6
99 796
100 856
