1 7484
2 9688
3 9462
4 5468
5 6016
6 5720
7 9054
8 9466
9 9542
10 9608
11 8692
12 8860
13 8986
14 9190
15 9506
16 9424
17 9048
18 8786
19 9264
20 9500
21 8824
22 9590
23 9662
24 9464
25 9184
26 9158
27 9532
28 9504
29 9570
30 9470
31 9486
32 9402
33 9694
34 9260
35 9488
36 9580
37 9236
38 9496
39 9702
40 9694
41 9708
42 9648
43 9730
44 9728
45 9812
46 9700
47 9656
48 9640
49 9688
50 9730
51 9662
52 9584
53 9600
54 9738
55 9654
56 9718
57 9750
58 9702
59 9640
60 9694
61 9582
62 9706
63 9762
64 9676
65 9780
66 9784
67 9692
68 9836
69 9710
70 9752
71 9742
72 9822
73 9676
74 9688
75 9588
76 9692
77 9500
78 9736
79 9600
80 9528
81 9750
82 9666
83 9614
84 9482
85 9678
86 9548
87 9644
88 9616
89 9698
90 9686
91 9526
92 9660
93 9816
94 9754
95 9674
96 9644
97 9528
98 9374
99 9576
100 9670
