1 5728
2 5512
3 5584
4 6873.6
5 9334
6 5630
7 9240
8 5728
9 9150
10 9100
11 9672
12 9714
13 9652
14 9734
15 9584
16 9702
17 9684
18 9736
19 6316
20 9764
21 9646
22 9664
23 9778
24 9680
25 9722
26 9550
27 9654
28 9690
29 9630
30 9666
31 9724
32 9102
33 9434
34 9750
35 9670
36 9494
37 9542
38 9736
39 9664
40 9690
41 9512
42 9662
43 9614
44 9350
45 9450
46 9430
47 9700
48 9658
49 9710
50 9592
51 9636
52 9430
53 9476
54 9634
55 9572
56 9616
57 9614
58 9008
59 9620
60 9576
61 9602
62 9678
63 9748
64 9660
65 9450
66 9624
67 9598
68 9506
69 9714
70 9702
71 9438
72 9500
73 9492
74 9690
75 9738
76 9654
77 9774
78 9646
79 9674
80 9716
81 9748
82 9766
83 9664
84 9794
85 9580
86 9666
87 9730
88 9630
89 9650
90 9664
91 9722
92 9670
93 9628
94 9810
95 9620
96 9508
97 9738
98 9500
99 9558
100 9596
