1 9122
2 7402
3 9392
4 1940
5 4308
6 6098
7 1958
8 8408
9 9266
10 7584
11 9036
12 9384
13 9498
14 8752
15 9462
16 8220
17 7814
18 9558
19 7652
20 9358
21 9604
22 5676
23 9596
24 9372
25 9566
26 8598
27 9362
28 9624
29 9518
30 9836
31 9676
32 9644
33 9480
34 8480
35 9542
36 9514
37 9664
38 8800
39 9520
40 9568
41 9572
42 9694
43 9570
44 9380
45 9694
46 9702
47 9820
48 8950
49 9650
50 9432
51 9684
52 9674
53 9386
54 9588
55 9582
56 9446
57 9668
58 9584
59 9702
60 9210
61 9662
62 9690
63 9522
64 9632
65 9284
66 9616
67 9634
68 9498
69 9594
70 9560
71 9534
72 9696
73 9310
74 9324
75 8858
76 9570
77 9808
78 9674
79 9730
80 9608
81 9704
82 9776
83 9810
84 9782
85 9762
86 9436
87 9742
88 9738
89 9594
90 9592
91 8956
92 9418
93 9712
94 9662
95 9640
96 7566
97 8866
98 9410
99 9004
100 9256
