1 8980
2 5634
3 5356
4 5654
5 2398
6 4902
7 5578
8 9448
9 5086
10 5566
11 4948
12 9556
13 7646
14 9520
15 9724
16 9528
17 8702
18 9452
19 9482
20 9634
21 9764
22 9514
23 9626
24 9384
25 9496
26 9472
27 9586
28 9558
29 9332
30 9262
31 9400
32 9516
33 9462
34 9276
35 9662
36 9056
37 9588
38 9638
39 9796
40 9596
41 9652
42 9452
43 9300
44 9750
45 9618
46 9486
47 9444
48 9612
49 9744
50 9554
51 9490
52 9284
53 9532
54 8800
55 9322
56 9566
57 9692
58 9430
59 9550
60 9424
61 9336
62 9670
63 9520
64 9538
65 9512
66 9632
67 9248
68 9458
69 9612
70 9640
71 9666
72 9508
73 9520
74 9488
75 9536
76 9564
77 9698
78 9628
79 9626
80 9524
81 9644
82 9590
83 9662
84 9590
85 9418
86 9436
87 9582
88 9080
89 9258
90 9062
91 9498
92 9422
93 9446
94 9438
95 9064
96 9548
97 9282
98 9358
99 9160
100 9416
