1 9260
2 4294
3 9104
4 5006
5 5770
6 2200
7 9386
8 8078
9 5920
10 1997.6
11 5708
12 3722
13 7010
14 9426
15 9306
16 9116
17 9512
18 8650
19 9554
20 8680
21 9732
22 9598
23 9478
24 9406
25 8886
26 8920
27 9434
28 9548
29 9098
30 9436
31 9518
32 9616
33 9072
34 9382
35 9538
36 8976
37 9136
38 8888
39 9556
40 9200
41 9440
42 8894
43 9210
44 9528
45 9208
46 9464
47 9168
48 9324
49 9498
50 9592
51 9700
52 9754
53 9500
54 9784
55 9748
56 9642
57 9662
58 9616
59 9814
60 9648
61 9718
62 9730
63 9602
64 9532
65 9594
66 9652
67 9700
68 9664
69 9596
70 9728
71 9618
72 9666
73 9572
74 9732
75 9702
76 9230
77 9524
78 9584
79 9518
80 9428
81 9598
82 9438
83 9652
84 9764
85 9652
86 9722
87 9660
88 9754
89 9630
90 9648
91 9590
92 9642
93 9484
94 9566
95 9446
96 9660
97 9500
98 9616
99 9552
100 9344
