1 5880
2 2342
3 5214
4 5702
5 9656
6 5914
7 1986.6
8 5250
9 6175.2
10 9284
11 9002
12 5894
13 5130
14 4768
15 5978
16 5528
17 9460
18 9296
19 9252
20 9242
21 9316
22 9570
23 9024
24 9080
25 9484
26 9434
27 5920
28 9154
29 9366
30 9174
31 9474
32 9446
33 8900
34 9148
35 9006
36 9562
37 9470
38 8780
39 9344
40 9636
41 9642
42 9646
43 9560
44 9348
45 9426
46 9432
47 9746
48 9502
49 9368
50 9166
51 9176
52 9656
53 9702
54 8554
55 9398
56 9420
57 9634
58 9328
59 9516
60 9444
61 9710
62 9640
63 9570
64 9456
65 9730
66 9620
67 9436
68 9532
69 9650
70 9416
71 9654
72 8950
73 9740
74 9618
75 9316
76 9362
77 9616
78 8886
79 9648
80 9576
81 9660
82 9584
83 9722
84 9630
85 9726
86 9630
87 9618
88 9618
89 9652
90 9726
91 9564
92 9522
93 9522
94 9658
95 9730
96 9536
97 9592
98 9616
99 9670
100 9444
