1 5869.4
2 5624
3 8488
4 8786
5 8792
6 7329.6
7 8676
8 8298
9 8586
10 8708
11 8818
12 9176
13 9124
14 9348
15 8912
16 9282
17 9252
18 9236
19 8852
20 9324
21 9378
22 9488
23 9328
24 9304
25 9288
26 9440
27 9404
28 9446
29 9554
30 9380
31 9448
32 9600
33 9580
34 9612
35 9628
36 9654
37 9560
38 9638
39 9594
40 9660
41 9476
42 9712
43 9450
44 9504
45 9590
46 9618
47 9504
48 9524
49 9558
50 9362
51 9478
52 9468
53 9384
54 9292
55 9072
56 9196
57 9174
58 9124
59 9444
60 9394
61 9546
62 9346
63 9466
64 9484
65 9494
66 9612
67 9390
68 9558
69 9596
70 9344
71 9374
72 9480
73 9406
74 9414
75 9314
76 9610
77 9368
78 9472
79 9462
80 9528
81 9336
82 9258
83 9526
84 9360
85 9412
86 9484
87 9358
88 9702
89 9426
90 9770
91 9268
92 9526
93 9652
94 9536
95 9488
96 9362
97 9384
98 9364
99 9442
100 9354
