

1  0 
8  6  82  24  47  39  84  57  
9  6  82  25  47  39  84  58  
10  6  82  26  48  39  84  59  
11  6  82  27  49  39  84  60  
12  6  82  28  50  39  84  61  
13  6  82  29  51  39  84  62  
14  6  82  30  52  39  84  63  
15  6  82  31  53  39  84  64  
16  6  82  32  54  39  84  65  
17  6  82  33  55  39  84  66  
18  6  82  34  56  39  84  67  
19  6  82  35  57  39  84  68  
20  6  82  36  58  39  84  69  
21  6  82  37  59  39  84  70  
22  6  82  38  60  39  84  71  
21  6  82  39  60  39  84  72  
22  6  82  40  60  39  84  73  
21  6  82  41  60  39  84  74  
22  6  82  42  60  39  84  75  
23  6  82  43  61  39  84  76  
24  6  82  44  62  39  84  77  
25  6  82  45  63  39  84  78  
26  6  82  46  64  39  84  79  
27  6  82  47  65  39  84  80  
28  6  82  48  66  39  84  81  
29  6  82  49  67  39  84  82  
30  6  82  50  68  39  84  83  
31  6  82  51  69  39  84  84  
32  6  82  50  70  39  84  85  
33  6  82  49  71  39  84  86  
34  6  82  48  72  39  83  86  
33  6  82  47  72  39  82  86  
32  6  82  46  72  39  81  86  
31  6  82  47  72  39  80  86  
30  6  82  48  72  39  79  86  
29  6  82  49  72  39  78  86  
28  6  82  50  72  38  77  86  
27  6  82  51  72  37  76  86  
26  6  82  52  72  36  75  86  
25  6  82  53  72  35  74  86  
24  6  82  54  72  34  73  86  
23  6  82  55  72  33  72  86  
22  6  82  56  72  32  71  86  
21  6  82  57  73  32  70  86  
20  6  82  58  74  32  69  86  
19  6  82  59  75  32  68  86  
18  6  82  60  76  32  67  86  
19  6  82  61  77  32  66  86  
18  6  82  62  78  32  65  86  
19  6  82  63  79  32  64  86  
18  6  82  64  80  32  63  86  
19  6  82  65  81  32  62  86  
18  6  82  66  82  32  61  86  
19  6  82  67  83  32  60  86  
18  6  82  68  84  32  59  86  
19  6  82  69  85  32  58  86  
18  6  82  70  86  32  57  86  
19  6  82  71  87  32  56  86  
18  6  82  72  88  32  55  86  
19  6  82  73  89  32  54  86  
18  6  82  74  90  32  53  86  
19  6  82  75  91  32  52  86  
18  6  82  76  92  32  51  86  
19  6  82  77  93  32  50  86  
18  6  82  78  94  32  49  86  
18  5  82  79  95  32  48  86  
17  5  82  80  95  31  47  86  
17  4  82  81  95  30  46  86  
16  4  82  82  95  29  45  86  
16  3  82  83  95  28  44  86  
15  3  82  84  95  27  43  86  
15  2  82  85  95  26  42  86  
14  2  82  86  95  25  41  86  
14  1  82  87  95  24  40  86  
13  1  82  88  95  23  39  86  
13  0  82  89  95  22  38  86  
12  0  82  90  95  21  37  86  
12  99  82  91  96  21  37  87  
11  99  82  92  97  21  37  88  
12  99  82  93  98  21  37  89  
11  99  82  94  99  21  37  90  
12  99  82  95  100  21  37  91  
11  99  82  96  1  21  37  92  
12  99  82  97  2  21  37  93  
11  99  82  98  3  21  37  94  
12  99  82  99  4  21  37  95  
11  99  82  100  5  21  37  96  
11  98  82  1  6  21  37  97  
10  98  82  2  7  21  36  97  
10  97  82  3  8  21  35  97  
9  97  82  4  9  21  34  97  
9  96  82  5  10  21  33  97  
8  96  82  6  11  21  32  97  
7  96  82  7  12  21  31  97  
6  96  82  8  13  21  30  97  
5  96  82  9  14  21  29  97  
4  96  82  10  15  21  28  97  
3  96  82  11  16  21  27  97  
2  96  82  12  17  21  26  97  
1  96  82  13  18  21  25  97  
0  96  82  14  19  21  24  97  
99  96  82  15  20  21  24  98  
98  96  82  16  21  21  24  99  
97  96  82  17  22  21  24  100  
96  96  82  18  23  21  24  1  
95  96  82  19  24  21  24  2  
94  96  82  20  25  21  24  3  
94  95  82  21  26  21  24  4  
94  94  82  22  27  21  24  5  
94  93  82  23  28  21  24  6  
94  92  82  24  29  21  24  7  
94  91  82  25  30  21  24  8  
94  90  82  26  31  21  24  9  
94  89  82  27  32  21  24  10  
94  88  82  28  33  21  24  11  
94  87  82  29  34  21  24  12  
94  86  82  30  35  21  24  13  
94  85  82  31  36  21  24  14  
94  84  82  32  37  21  24  15  
94  83  82  33  38  21  24  16  
94  84  82  34  39  21  24  17  
94  85  82  35  40  21  24  18  
94  86  82  36  41  21  24  19  
94  87  82  37  42  21  24  20  
94  88  82  38  43  21  24  21  
94  89  82  39  44  21  24  22  
94  90  82  40  45  21  24  23  
94  91  82  41  46  21  24  24  
94  92  82  42  47  21  24  25  
94  93  82  43  48  21  24  26  
94  94  82  44  49  21  24  27  
94  95  82  45  50  21  24  28  
94  96  82  46  51  21  24  29  
94  97  82  47  52  21  24  30  
94  98  82  48  53  21  24  31  
94  99  82  49  54  21  24  32  
94  100  82  50  55  21  24  33  
95  100  82  51  56  21  24  34  
96  100  82  52  57  21  24  35  
97  100  82  53  58  21  24  36  
98  100  82  54  59  21  24  37  
99  100  82  55  60  21  24  38  
100  100  82  56  61  21  24  39  
1  100  82  57  62  21  24  40  
2  100  82  58  63  21  24  41  
3  100  82  59  64  21  24  42  
4  100  82  60  65  21  24  43  
5  100  82  61  66  21  24  44  
6  100  82  62  67  21  24  45  
7  100  82  63  68  21  24  46  
8  100  82  64  69  21  24  47  
9  100  82  65  70  21  24  48  
10  100  82  66  71  21  24  49  
11  100  82  67  72  21  24  50  
12  100  82  68  73  21  24  51  
13  100  82  69  74  21  24  52  
13  1  82  70  75  21  24  53  
14  1  82  71  76  21  24  54  
14  2  82  72  77  21  24  55  
15  2  82  73  78  21  24  56  
15  3  82  74  79  21  24  57  
16  3  82  75  80  21  24  58  
16  4  82  76  81  21  24  59  
17  4  82  77  82  21  24  60  
17  5  82  78  83  21  24  61  
18  5  82  79  84  21  24  62  
18  6  82  80  85  21  24  63  
19  6  82  81  86  21  24  64  
19  7  82  82  87  21  24  65  
20  7  82  83  88  21  24  66  
20  8  82  84  89  21  24  67  
21  8  82  85  90  21  24  68  
21  9  82  86  91  21  24  69  
22  9  82  87  92  21  24  70  
22  10  82  88  93  21  24  71  
23  10  82  89  94  21  24  72  
23  11  82  90  95  21  24  73  
24  11  82  91  96  21  24  74  
24  12  82  92  97  21  24  75  
25  12  82  93  98  21  24  76  
26  12  82  94  99  21  24  77  
27  12  82  95  100  21  24  78  
28  12  82  96  1  21  24  79  
29  12  82  97  1  20  24  80  
30  12  82  98  1  19  24  81  
31  12  82  99  1  18  24  82  
32  12  82  98  1  17  24  83  
33  12  82  97  1  16  24  84  
34  12  82  96  1  15  24  85  
35  12  82  95  1  14  24  86  
36  12  82  94  1  13  24  87  
37  12  82  93  1  12  24  88  
38  12  82  92  1  11  24  89  
38  13  82  91  1  10  24  90  
38  14  82  92  1  9  24  91  
38  15  82  93  1  8  24  92  
38  16  82  94  1  7  24  93  
38  17  82  95  1  6  24  94  
38  18  82  96  1  5  24  95  
38  19  82  97  1  4  24  96  
38  20  82  98  1  3  24  97  
38  21  82  99  1  2  24  98  
38  22  82  100  1  1  24  99  
38  23  82  1  1  0  24  100  
38  24  82  0  1  99  24  1  
38  25  82  99  2  99  24  2  
38  26  82  100  3  99  24  3  
38  27  82  1  4  99  24  4  
38  28  82  0  5  99  24  5  
38  29  82  99  6  99  24  6  
38  30  82  100  7  99  24  7  
38  31  82  1  8  99  24  8  
38  32  82  0  9  99  24  9  
38  33  82  99  10  99  24  10  
38  34  82  100  11  99  24  11  
38  35  82  1  12  99  24  12  
38  36  82  0  13  99  24  13  
38  37  82  99  14  99  24  14  
38  38  82  100  15  99  24  15  
38  39  82  1  16  99  24  16  
38  40  82  0  17  99  24  17  
38  41  82  99  18  99  24  18  
38  42  82  100  19  99  24  19  
38  43  82  1  20  99  24  20  
38  44  82  0  21  99  24  21  
38  45  82  99  22  99  24  22  
38  46  82  100  23  99  24  23  
38  47  82  1  24  99  24  24  
38  48  82  0  25  99  24  25  
38  49  82  99  25  98  24  26  
38  50  82  98  25  97  24  27  
38  51  82  97  25  96  24  28  
38  52  82  96  25  95  24  29  
38  53  82  95  25  94  24  30  
38  54  82  94  25  93  24  31  
38  55  82  93  25  92  24  32  
38  56  82  92  25  91  24  33  
38  57  82  91  25  90  24  34  
38  58  82  90  25  89  24  35  
38  59  82  89  26  89  24  36  
38  60  82  88  26  88  24  37  
38  61  82  87  27  88  24  38  
38  62  82  86  27  87  24  39  
38  61  82  85  27  86  24  40  
38  62  82  84  28  86  24  41  
38  61  82  83  28  85  24  42  
38  62  82  82  29  85  24  43  
38  61  82  81  29  84  24  44  
38  62  82  80  29  83  24  45  
38  61  82  79  29  82  24  46  
38  62  82  78  30  82  24  47  
38  61  82  77  30  81  24  48  
39  61  82  76  31  81  24  49  
40  61  82  75  32  81  24  50  
41  61  82  74  33  81  24  51  
42  61  82  73  34  81  24  52  
43  61  82  72  35  81  24  53  
44  61  82  71  36  81  24  54  
45  61  82  70  37  81  24  55  
46  61  82  69  38  81  24  56  
47  61  82  68  39  81  24  57  
48  61  82  67  40  81  24  58  
49  61  82  66  41  81  24  59  
50  61  82  65  42  81  24  60  
51  61  82  64  43  81  23  60  
51  60  82  63  43  80  22  60  
51  59  82  62  43  79  21  60  
51  58  82  61  43  78  21  61  
51  57  82  60  43  77  21  62  
51  56  82  59  43  76  21  63  
51  55  82  58  43  75  21  64  
51  54  82  57  43  74  21  65  
51  53  82  56  43  73  21  66  
51  52  82  55  43  72  21  67  
51  51  82  54  43  71  21  68  
51  50  82  53  43  70  21  69  
51  49  82  52  43  69  21  70  
51  48  82  51  43  68  21  71  
51  47  82  50  43  67  21  72  
51  46  82  49  43  66  21  73  
51  45  82  48  43  65  21  74  
51  44  82  47  43  64  21  75  
51  43  82  46  43  63  21  76  
51  42  82  45  43  62  21  77  
51  41  82  44  43  61  21  78  
51  40  82  43  43  60  21  79  
51  39  82  42  43  59  21  80  
51  38  82  41  43  58  21  81  
51  37  82  40  43  57  21  82  
51  36  82  39  43  56  21  83  
51  35  82  38  43  55  21  84  
51  34  82  37  43  54  21  85  
51  33  82  36  43  53  21  86  
51  32  82  35  43  52  21  87  
51  31  82  34  43  51  21  88  
51  30  82  33  43  50  21  89  
51  29  82  32  43  49  20  89  
51  28  82  31  43  48  19  89  
51  27  82  30  43  47  18  89  
51  26  82  29  43  46  17  89  


1  1 
70  45  87  27  59  11  61  45  
71  45  87  26  59  10  60  45  
72  45  87  25  59  9  59  45  
73  45  87  24  59  8  58  45  
74  45  87  23  59  7  57  45  
75  45  87  24  59  6  56  45  
76  45  87  25  60  6  55  45  
77  45  87  26  61  6  54  45  
78  45  87  27  62  6  53  45  
79  45  87  28  63  6  52  45  
79  46  87  29  63  5  51  45  
79  47  87  30  63  4  51  46  
79  48  87  31  63  3  51  47  
79  49  87  32  63  2  51  48  
79  50  87  33  63  1  51  49  
79  51  87  34  63  0  51  50  
79  52  87  35  64  0  51  51  
79  53  87  36  65  0  51  52  
79  54  87  37  66  0  51  53  
79  55  87  38  67  0  51  54  
79  56  87  39  68  0  51  55  
79  57  87  40  69  0  51  56  
79  58  87  41  70  0  51  57  
79  59  87  42  71  0  51  58  
79  60  87  43  72  0  51  59  
79  61  87  44  73  0  51  60  
79  62  87  45  74  0  51  61  
79  63  87  46  75  0  51  62  
79  64  87  47  76  0  51  63  
79  65  87  48  77  0  51  64  
79  66  87  49  78  0  51  65  
79  67  87  50  79  0  51  66  
79  68  87  51  80  0  51  67  
79  69  87  52  81  0  51  68  
79  70  87  53  82  0  51  69  
79  71  87  54  83  0  51  70  
79  72  87  55  84  0  51  71  
79  73  87  56  85  0  51  72  
79  74  87  57  86  0  51  73  
79  75  87  58  87  0  51  74  
79  76  87  59  88  0  51  75  
79  77  87  60  89  0  51  76  
79  78  87  61  90  0  51  77  
79  79  87  62  91  0  51  78  
79  80  87  63  92  0  51  79  
79  81  87  64  93  0  51  80  
79  82  87  65  94  0  51  81  
79  83  87  66  95  0  51  82  
79  84  87  67  96  0  51  83  
79  85  87  68  97  0  51  84  
79  86  87  69  98  0  51  85  
79  87  87  70  99  0  51  86  
79  88  87  71  100  0  51  87  
79  89  87  72  1  0  51  88  
79  90  87  73  2  0  51  89  
79  91  87  74  3  0  51  90  
79  92  87  75  4  0  51  91  
79  93  87  76  5  0  51  92  
79  94  87  77  6  0  51  93  
79  95  87  78  7  0  51  94  
79  96  87  79  8  0  51  95  
79  97  87  80  9  0  51  96  
79  98  87  81  10  0  51  97  
79  99  87  82  11  0  51  98  
79  100  87  83  12  0  51  99  
79  1  87  84  13  0  50  99  
79  2  87  85  14  0  49  99  
79  3  87  86  15  0  48  99  
79  4  87  87  16  0  47  99  
79  5  87  88  17  0  46  99  
79  6  87  89  18  0  45  99  
79  7  87  90  19  0  44  99  
79  8  87  91  20  0  43  99  
79  9  87  92  21  0  42  99  
79  10  87  93  22  0  41  99  
79  11  87  94  23  0  40  99  
79  12  87  95  24  0  39  99  
79  13  87  96  25  0  38  99  
79  14  87  97  26  0  37  99  
79  15  87  98  27  0  36  99  
79  16  87  99  28  0  35  99  
79  17  87  100  29  0  34  99  
79  18  87  1  29  99  33  99  
79  19  87  2  29  98  32  99  
79  20  87  3  30  98  31  99  
79  21  87  4  31  98  30  99  
79  22  87  5  32  98  29  99  
79  23  87  6  33  98  28  99  
79  24  87  7  34  98  28  100  
79  25  87  8  35  98  28  1  
79  26  87  9  36  98  28  2  
79  27  87  10  37  98  28  3  
79  28  87  11  38  98  28  4  
79  29  87  12  39  98  28  5  
79  30  87  13  40  98  28  6  
79  31  87  14  41  98  28  7  
79  32  87  15  42  98  28  8  
79  33  87  16  43  98  28  9  
79  34  87  17  44  98  28  10  
79  35  87  18  45  98  28  11  
79  36  87  19  46  98  28  12  
79  37  87  20  47  98  28  13  
79  38  87  21  48  98  28  14  
79  39  87  22  49  98  28  15  
79  40  87  23  50  98  28  16  
79  41  87  24  51  98  28  17  
79  42  87  25  52  98  28  18  
79  43  87  26  53  98  28  19  
79  44  87  27  54  98  28  20  
79  45  87  28  55  98  28  21  
79  46  87  29  56  98  28  22  
79  47  87  30  57  98  28  23  
79  48  87  31  58  98  28  24  
79  49  87  32  58  97  28  25  
79  50  87  33  59  97  28  26  
79  51  87  34  60  97  28  27  
79  52  87  35  60  96  28  28  
79  53  87  36  61  96  28  29  
79  54  87  37  61  95  28  30  
79  55  87  38  62  95  28  31  
79  56  87  39  63  95  28  32  
79  57  87  40  63  94  28  33  
79  58  87  41  64  94  28  34  
79  59  87  42  64  93  28  35  
79  60  87  43  65  93  28  36  
79  61  87  44  66  93  28  37  
79  62  87  45  66  92  28  38  
79  63  87  46  67  92  28  39  
79  64  87  47  67  91  28  40  
79  65  87  48  68  91  28  41  
79  66  87  49  69  91  28  42  
79  67  87  50  69  90  28  43  
79  68  87  51  70  90  28  44  
79  69  87  52  71  90  28  45  
79  70  87  53  71  89  28  46  
79  71  87  54  72  89  28  47  
79  72  87  55  72  88  28  48  
79  71  87  56  72  87  28  49  
79  72  87  57  73  87  28  50  
79  71  87  58  73  86  28  51  
79  72  87  59  74  86  28  52  
79  71  87  58  74  85  28  53  
79  70  87  57  74  84  28  54  
79  69  87  56  74  83  28  55  
79  68  87  55  74  82  28  56  
79  67  87  54  74  81  28  57  
79  66  87  53  74  80  28  58  
79  65  87  52  74  79  28  59  
79  64  87  51  74  78  28  60  
79  63  87  50  74  77  28  61  
79  62  87  49  74  76  28  62  
79  61  87  48  74  75  28  63  
79  60  87  47  74  74  28  64  
79  59  87  46  74  73  28  65  
79  58  87  45  74  72  28  66  
79  57  87  44  74  71  28  67  
79  56  87  43  74  70  28  68  
79  55  87  42  74  69  28  69  
79  54  87  41  74  68  28  70  
79  53  87  40  74  67  28  71  
79  52  87  39  74  66  28  72  
79  51  87  38  74  65  28  73  
79  50  87  37  74  64  28  74  
79  49  87  36  74  63  28  75  
79  48  87  35  74  62  28  76  
79  47  87  34  74  61  28  77  
79  46  87  33  74  60  28  78  
79  45  87  32  74  59  28  79  
79  44  87  31  74  58  28  80  
79  43  87  30  74  57  28  81  
79  42  87  29  74  56  28  82  
79  41  87  28  74  55  28  83  
79  40  87  27  74  54  28  84  
79  39  87  26  74  53  28  85  
79  38  87  25  74  52  28  86  
79  37  87  24  74  51  28  87  
79  36  87  23  74  50  28  88  
79  35  87  22  74  49  28  89  
79  34  87  21  74  48  28  90  
79  33  87  20  74  47  28  91  
79  32  87  19  74  46  28  92  
79  31  87  18  74  45  28  93  
79  30  87  17  74  44  28  94  
79  29  87  16  74  43  28  95  
79  28  87  15  74  42  28  96  
79  27  87  14  74  41  28  97  
79  26  87  13  74  40  28  98  
79  25  87  12  74  39  28  99  
79  24  87  11  74  38  28  100  
79  23  87  10  74  37  28  1  
79  22  87  9  74  36  28  2  
79  21  87  8  74  35  28  3  
79  20  87  7  74  34  28  4  
79  19  87  6  74  33  28  5  
79  18  87  5  74  32  28  6  
79  17  87  4  74  31  28  7  
79  16  87  3  74  30  28  8  
79  15  87  2  74  29  28  9  
79  14  87  1  74  28  28  10  
79  13  87  0  74  27  28  11  
79  12  87  99  74  26  28  12  
79  11  87  100  74  25  28  13  
79  12  87  1  74  24  28  14  
79  11  87  0  74  23  28  15  
79  10  87  99  74  22  28  16  
79  9  87  100  74  21  28  17  
79  10  87  1  75  21  28  18  
79  9  87  0  75  20  28  19  
79  8  87  99  75  19  28  20  
79  7  87  100  75  18  28  21  
78  7  87  1  75  17  28  22  
78  6  87  0  75  16  28  23  
78  5  87  99  75  15  28  24  
78  4  87  100  75  14  28  25  
77  4  87  99  75  13  28  26  
77  3  87  98  75  12  28  27  
77  2  87  97  75  11  28  28  
77  1  87  96  75  10  28  29  
77  0  87  95  75  9  28  30  
77  99  87  94  76  9  27  30  
77  98  87  93  77  9  26  30  
77  97  87  92  78  9  26  31  
77  96  87  91  79  9  26  32  
76  96  87  90  80  9  25  32  
75  96  87  89  81  9  24  32  
74  96  87  88  82  9  23  32  
73  96  87  87  83  9  22  32  
72  96  87  86  84  9  21  32  
71  96  87  85  85  9  20  32  
70  96  87  84  86  9  19  32  
69  96  87  83  87  9  18  32  
68  96  87  82  88  9  17  32  
67  96  87  81  89  9  16  32  
66  96  87  80  90  9  15  32  
65  96  87  79  91  9  14  32  
64  96  87  78  92  9  13  32  
63  96  87  77  93  9  12  32  
62  96  87  76  94  9  11  32  
61  96  87  75  94  8  10  32  
60  96  87  74  94  7  9  32  
59  96  87  73  94  6  8  32  
58  96  87  72  94  5  7  32  
57  96  87  71  94  4  6  32  
56  96  87  70  94  3  5  32  
55  96  87  69  94  2  4  32  
54  96  87  68  94  1  3  32  
53  96  87  67  94  0  2  32  
52  96  87  66  94  99  1  32  
51  96  87  65  94  98  0  32  
50  96  87  64  94  97  99  32  
49  96  87  63  94  96  98  32  
48  96  87  62  94  95  97  32  
47  96  87  61  94  94  96  32  
46  96  87  60  94  93  95  32  
45  96  87  59  94  92  94  32  
44  96  87  58  94  91  93  32  
43  96  87  57  95  91  92  32  
44  96  87  56  96  91  91  32  
45  96  87  55  97  91  90  32  
46  96  87  54  98  91  89  32  
47  96  87  53  99  91  88  32  
48  96  87  52  100  91  87  32  
49  96  87  51  1  91  86  32  
50  96  87  50  1  90  85  32  
51  96  87  49  1  89  84  32  
52  96  87  48  2  89  83  32  
53  96  87  47  3  89  82  32  
54  96  87  46  4  89  81  32  
55  96  87  45  5  89  81  33  
56  96  87  46  6  89  81  34  
57  96  87  45  7  89  81  35  
58  96  87  46  8  89  81  36  
59  96  87  47  9  89  81  37  
60  96  87  48  10  89  81  38  
61  96  87  49  11  89  81  39  
62  96  87  50  12  89  81  40  
63  96  87  51  13  89  81  41  
64  96  87  52  14  89  81  42  
65  96  87  53  15  89  81  43  
66  96  87  54  16  89  81  44  
67  96  87  55  17  89  81  45  
68  96  87  56  18  89  81  46  
69  96  87  57  19  89  81  47  
69  97  87  58  19  88  81  48  
69  98  87  59  19  87  81  49  
69  99  87  60  19  86  81  50  
69  100  87  61  19  85  81  51  
69  1  87  62  19  84  81  52  
69  2  87  63  19  83  81  53  
69  3  87  64  19  82  81  54  
69  4  87  65  20  82  81  55  
69  5  87  66  21  82  81  56  
69  6  87  67  22  82  81  57  
69  7  87  68  23  82  81  58  
69  8  87  69  24  82  81  59  
69  9  87  70  25  82  81  60  
69  10  87  71  26  82  81  61  
69  11  87  72  27  82  81  62  
69  12  87  73  28  82  81  63  
69  13  87  74  29  82  81  64  


1  2 
56  44  50  86  91  28  93  27  
56  43  50  87  91  27  93  28  
56  42  50  88  91  26  93  29  
55  42  50  89  91  25  93  30  
54  42  50  90  91  24  93  31  
53  42  50  91  91  23  93  32  
52  42  50  92  91  22  93  33  
51  42  50  93  91  21  93  34  
51  43  50  94  91  20  93  35  
51  44  50  95  91  19  93  36  
51  45  50  96  91  18  93  37  
51  46  50  97  91  17  93  38  
51  47  50  98  91  16  93  39  
51  48  50  99  91  16  93  40  
51  49  50  100  91  16  93  41  
51  50  50  1  91  16  93  42  
51  51  50  2  92  16  93  43  
51  52  50  3  93  16  93  44  
51  53  50  4  94  16  93  45  
51  54  50  5  95  16  93  46  
51  55  50  6  96  16  93  47  
51  56  50  7  97  16  93  48  
51  57  50  8  98  16  93  49  
51  58  50  9  99  16  93  50  
51  59  50  10  100  16  93  51  
51  60  50  11  1  16  93  52  
51  61  50  12  2  16  93  53  
51  62  50  13  3  16  93  54  
51  63  50  14  4  16  93  55  
51  64  50  15  5  16  93  56  
51  65  50  16  6  16  93  57  
51  66  50  17  7  16  93  58  
51  67  50  18  8  16  93  59  
51  68  50  19  9  16  93  60  
51  69  50  20  10  16  93  61  
51  70  50  21  11  16  93  62  
51  71  50  22  12  16  93  63  
51  72  50  23  13  16  93  64  
51  73  50  24  14  16  93  65  
51  74  50  25  15  16  93  66  
51  75  50  26  16  16  93  67  
51  76  50  27  17  16  93  68  
51  77  50  28  18  16  93  69  
51  78  50  29  19  16  93  70  
51  79  50  30  20  16  93  71  
51  80  50  31  21  16  93  72  
51  81  50  32  22  16  93  73  
51  82  50  33  23  16  93  74  
51  83  50  34  24  16  93  75  
51  84  50  35  25  16  93  76  
51  85  50  36  26  16  93  77  
51  86  50  37  27  16  93  78  
51  87  50  38  28  16  93  79  
51  88  50  39  29  16  93  80  
51  89  50  40  30  16  93  81  
51  88  50  41  31  16  93  82  
51  89  50  42  32  16  93  83  
51  88  50  43  33  16  93  84  
51  89  50  44  34  16  93  85  
51  88  50  45  35  16  93  86  
51  89  50  46  36  16  93  87  
51  88  50  47  37  16  92  87  
51  89  50  48  38  16  91  87  
51  88  50  49  39  16  90  87  
51  89  50  50  40  16  89  87  
51  88  50  51  41  16  88  87  
51  89  50  52  42  16  87  87  
51  88  50  53  43  16  86  87  
51  89  50  54  44  16  86  88  
51  88  50  55  45  16  85  88  
51  89  50  56  46  16  84  88  
51  88  50  57  47  16  83  88  
51  89  50  58  48  16  82  88  
51  88  50  59  49  16  81  88  
51  89  50  60  50  16  80  88  
51  88  50  61  51  16  79  88  
51  89  50  62  52  16  78  88  
51  90  50  63  53  16  78  89  
51  91  50  64  54  16  78  90  
51  92  50  65  55  16  78  91  
51  93  50  66  56  16  78  92  
51  94  50  67  57  16  78  93  
51  95  50  68  58  16  78  94  
51  96  50  69  59  16  78  95  
51  97  50  70  60  16  78  96  
51  98  50  71  61  16  78  97  
51  99  50  72  62  16  78  98  
51  100  50  73  63  16  78  99  
51  1  50  74  64  16  77  99  
51  2  50  75  65  16  76  99  
51  3  50  76  66  16  75  99  
51  4  50  77  66  16  74  99  
50  4  50  78  66  16  73  99  
50  5  50  79  66  15  72  99  
50  6  50  80  66  14  71  99  
49  6  50  81  66  13  70  99  
48  6  50  82  66  12  69  99  
47  6  50  83  66  11  68  99  
46  6  50  84  66  10  67  99  
45  6  50  85  66  9  66  99  
44  6  50  86  66  8  65  99  
43  6  50  87  66  7  64  99  
42  6  50  88  66  6  63  99  
41  6  50  89  66  5  62  99  
41  7  50  90  66  4  61  99  
41  8  50  91  66  3  60  99  
41  9  50  92  66  2  59  99  
41  10  50  93  66  1  58  99  
41  11  50  94  66  0  57  99  
41  12  50  95  66  99  56  99  
41  13  50  96  67  99  55  99  
41  14  50  97  68  99  54  99  
41  15  50  98  69  99  53  99  
41  16  50  99  70  99  53  100  
41  17  50  100  71  99  53  1  
41  18  50  1  72  99  53  2  
41  19  50  2  73  99  53  3  
41  20  50  3  74  99  53  4  
41  21  50  4  75  99  53  5  
41  22  50  5  76  99  53  6  
41  23  50  6  77  99  53  7  
41  24  50  7  78  99  53  8  
41  25  50  8  79  99  53  9  
41  26  50  9  80  99  53  10  
41  27  50  10  81  99  53  11  
41  28  50  11  82  99  53  12  
41  29  50  12  83  99  53  13  
41  30  50  13  84  99  53  14  
41  31  50  14  85  99  53  15  
41  32  50  15  86  99  53  16  
41  33  50  16  87  99  53  17  
41  34  50  17  88  99  53  18  
41  35  50  18  89  99  53  19  
41  36  50  19  90  99  53  20  
41  37  50  20  91  99  53  21  
41  38  50  21  92  99  53  22  
41  39  50  22  93  99  53  23  
41  40  50  23  94  99  53  24  
41  41  50  24  95  99  53  25  
41  42  50  25  96  99  53  26  
41  43  50  26  97  99  53  27  
41  44  50  27  98  99  53  28  
41  45  50  28  99  99  53  29  
41  46  50  29  100  99  53  30  
41  47  50  30  1  99  53  31  
41  48  50  31  2  99  53  32  
41  49  50  32  3  99  53  33  
41  50  50  33  4  99  53  34  
41  51  50  34  5  99  53  35  
41  52  50  35  6  99  53  36  
41  53  50  36  7  99  53  37  
41  54  50  37  8  99  53  38  
41  55  50  38  9  99  53  39  
41  56  50  39  10  99  53  40  
41  57  50  40  11  99  53  41  
41  58  50  41  12  99  53  42  
41  59  50  42  13  99  53  43  
41  60  50  43  14  99  53  44  
41  61  50  44  15  99  53  45  
41  62  50  45  16  99  53  46  
41  63  50  46  17  99  53  47  
41  64  50  47  18  99  53  48  
41  65  50  48  19  99  53  49  
41  66  50  49  20  99  53  50  
41  67  50  50  21  99  53  51  
41  68  50  51  22  99  53  52  
41  69  50  52  23  99  53  53  
41  70  50  53  24  99  53  54  
41  71  50  54  25  99  53  55  
41  72  50  55  26  99  53  56  
41  73  50  56  27  99  53  57  
41  74  50  57  28  99  53  58  
41  75  50  58  29  99  53  59  
41  76  50  59  30  99  53  60  
41  77  50  60  31  99  53  61  
41  78  50  61  32  99  53  62  
41  79  50  62  33  99  53  63  
41  80  50  63  33  98  53  64  
41  81  50  64  34  98  53  65  
41  80  50  65  34  97  53  66  
41  81  50  66  35  97  53  67  
41  80  50  65  35  96  53  68  
41  79  50  64  35  95  53  69  
41  78  50  63  35  94  53  70  
40  78  50  62  35  93  53  71  
40  77  50  61  35  92  53  72  
39  77  50  60  35  91  53  73  
39  76  50  59  35  90  53  74  
38  76  50  58  35  89  53  75  
38  75  50  57  35  88  52  75  
37  75  50  56  35  87  51  75  
37  74  50  55  35  86  51  76  
37  73  50  54  35  85  51  77  
37  72  50  53  35  84  51  78  
37  71  50  52  35  83  51  79  
37  70  50  51  35  82  51  80  
37  69  50  50  35  81  51  81  
37  68  50  49  35  80  51  82  
37  67  50  48  35  79  51  83  
37  66  50  47  35  78  51  84  
37  65  50  46  35  77  51  85  
37  64  50  45  35  76  51  86  
37  63  50  44  35  75  51  87  
37  62  50  43  35  74  51  88  
37  61  50  42  35  73  51  89  
37  60  50  41  35  72  51  90  
37  59  50  40  35  71  51  91  
37  58  50  39  35  70  51  92  
37  57  50  38  35  69  51  93  
37  56  50  37  35  68  51  94  
37  55  50  36  35  67  51  95  
37  54  50  35  35  66  51  96  
37  53  50  34  35  65  51  97  
37  52  50  33  35  64  51  98  
37  51  50  32  35  63  51  99  
37  50  50  31  35  62  51  100  
37  49  50  30  35  61  51  1  
37  48  50  29  35  60  51  2  
37  47  50  28  35  59  51  3  
37  46  50  27  35  58  51  4  
37  45  50  26  35  57  51  5  
37  44  50  25  35  56  51  6  
37  43  50  24  35  55  51  7  
37  42  50  23  35  54  51  8  
37  41  50  22  35  53  51  9  
37  40  50  21  35  52  51  10  
37  39  50  20  35  51  51  11  
37  38  50  19  35  50  51  12  
37  37  50  18  35  49  51  13  
37  36  50  17  35  48  51  14  
37  35  50  16  35  47  51  15  
37  34  50  15  35  46  51  16  
37  33  50  14  35  45  51  17  
37  32  50  13  35  44  51  18  
37  31  50  12  35  43  51  19  
37  30  50  11  35  42  51  20  
37  29  50  10  35  41  51  21  
37  28  50  9  35  40  51  22  
37  27  50  8  35  39  51  23  
37  26  50  7  35  38  51  24  
37  25  50  6  35  37  51  25  
37  24  50  5  35  36  51  26  
37  23  50  4  35  35  51  27  
37  22  50  3  35  34  51  28  
37  21  50  2  35  33  51  29  
37  20  50  1  35  32  51  30  
37  19  50  0  35  31  51  31  
37  18  50  99  35  30  51  32  
37  17  50  100  35  29  51  33  
37  16  50  1  35  28  51  34  
37  15  50  0  35  27  51  35  
37  14  50  99  35  26  51  36  
37  13  50  100  35  25  51  37  
37  12  50  1  35  24  51  38  
37  11  50  0  35  23  51  39  
37  10  50  99  35  22  51  40  
37  9  50  100  35  21  51  41  
37  8  50  1  35  20  51  42  
37  7  50  0  35  19  51  43  
37  6  50  99  35  18  51  44  
37  5  50  98  35  17  51  45  
37  4  50  97  35  16  51  46  
37  3  50  96  35  15  51  47  
37  2  50  95  35  14  51  48  
37  1  50  94  35  13  51  49  
37  0  50  93  35  12  51  50  
37  99  50  92  36  12  51  51  
37  98  50  91  37  12  51  52  
37  97  50  90  38  12  51  53  
37  96  50  89  39  12  51  54  
37  95  50  88  40  12  51  55  
36  95  50  87  41  12  51  56  
35  95  50  86  42  12  51  57  
34  95  50  85  43  12  51  58  
33  95  50  84  44  12  51  59  
32  95  50  83  45  12  51  60  
31  95  50  82  46  12  51  61  
30  95  50  81  47  12  51  62  
29  95  50  80  48  12  51  63  
28  95  50  79  49  12  51  64  
27  95  50  78  50  12  51  65  
26  95  50  77  51  12  51  66  
25  95  50  76  52  12  51  67  
24  95  50  75  53  12  51  68  
23  95  50  74  54  12  51  69  
22  95  50  73  55  12  51  70  
21  95  50  72  56  12  51  71  
20  95  50  71  57  12  51  72  
19  95  50  70  58  12  51  73  
18  95  50  69  59  12  51  74  
17  95  50  68  59  11  51  75  
16  95  50  67  59  10  51  76  
15  95  50  66  59  9  51  77  
14  95  50  65  59  8  51  78  
13  95  50  64  59  7  51  79  
12  95  50  63  59  6  51  80  
11  95  50  62  59  5  51  81  
10  95  50  61  59  4  51  82  
9  95  50  60  59  3  51  83  
8  95  50  59  60  3  51  84  


1  3 
71  45  67  74  23  82  31  18  
71  44  67  75  23  82  31  19  
71  43  67  76  23  82  31  20  
71  42  67  77  23  82  31  21  
71  41  67  78  23  82  31  22  
71  40  67  79  24  82  31  23  
71  39  67  80  25  82  31  24  
71  38  67  81  26  82  31  25  
71  37  67  82  27  82  31  26  
71  36  67  83  28  82  31  27  
72  36  67  84  29  82  31  28  
73  36  67  85  30  82  31  29  
74  36  67  86  31  82  31  30  
75  36  67  87  32  82  31  31  
76  36  67  88  33  82  31  32  
77  36  67  89  34  82  31  33  
78  36  67  90  35  82  31  34  
79  36  67  91  36  82  30  34  
80  36  67  92  37  82  29  34  
79  36  67  93  38  82  28  34  
78  36  67  94  39  82  27  34  
77  36  67  95  40  82  26  34  
77  37  67  96  41  82  26  35  
77  38  67  97  42  82  26  36  
77  39  67  98  43  82  26  37  
77  40  67  99  44  82  26  38  
77  41  67  100  45  82  26  39  
77  42  67  1  46  82  26  40  
77  43  67  2  47  82  26  41  
77  44  67  3  48  82  26  42  
77  45  67  4  49  82  26  43  
77  46  67  5  50  82  26  44  
77  47  67  6  51  82  26  45  
77  48  67  7  52  82  26  46  
77  49  67  8  53  82  26  47  
77  50  67  9  54  82  26  48  
77  51  67  10  55  82  26  49  
77  52  67  11  56  82  26  50  
77  53  67  12  57  82  26  51  
77  52  67  13  58  82  26  52  
77  53  67  14  59  82  26  53  
77  52  67  15  60  82  26  54  
77  53  67  16  61  82  26  55  
77  52  67  17  62  82  26  56  
77  53  67  18  63  82  26  57  
77  52  67  19  64  82  26  58  
77  53  67  20  65  82  26  59  
77  52  67  21  65  81  26  60  
77  53  67  22  65  80  26  61  
77  52  67  23  65  79  26  62  
77  53  67  24  66  79  26  63  
77  52  67  25  66  78  26  64  
77  53  67  26  67  78  26  65  
77  52  67  27  67  77  26  66  
77  53  67  28  67  76  26  67  
77  52  67  29  67  75  26  68  
77  53  67  30  68  75  26  69  
77  52  67  31  68  74  26  70  
77  53  67  32  69  74  26  71  
77  52  67  33  69  73  26  72  
77  53  67  34  69  72  26  73  
77  52  67  35  69  71  26  74  
77  53  67  36  70  71  26  75  
77  52  67  35  70  70  26  76  
77  51  67  34  70  69  26  77  
77  50  67  33  70  68  26  78  
77  49  67  32  70  67  26  79  
77  48  67  31  70  66  26  80  
77  47  67  30  70  65  26  81  
77  46  67  29  70  64  26  82  
77  45  67  28  70  63  26  83  
77  44  67  27  70  62  26  84  
77  43  67  26  70  61  26  85  
77  42  67  25  70  60  26  86  
77  41  67  24  70  59  26  87  
77  40  67  23  70  58  26  88  
77  39  67  22  70  57  26  89  
77  38  67  21  70  56  26  90  
77  37  67  20  70  55  26  91  
77  36  67  19  70  54  26  92  
77  35  67  18  70  53  26  93  
77  34  67  17  70  52  26  94  
77  33  67  16  70  51  26  95  
77  32  67  15  70  50  26  96  
77  31  67  14  70  49  26  97  
77  30  67  13  70  48  26  98  
77  29  67  12  70  47  26  99  
77  28  67  11  70  46  26  100  
77  27  67  10  70  45  26  1  
77  26  67  9  70  44  26  2  
77  25  67  8  70  43  26  3  
77  24  67  7  70  42  26  4  
77  23  67  6  70  41  26  5  
77  22  67  5  70  40  26  6  
77  21  67  4  70  39  26  7  
77  20  67  3  70  38  26  8  
77  19  67  2  70  37  26  9  
77  18  67  1  70  36  26  10  
77  17  67  0  70  35  26  11  
77  16  67  99  70  34  26  12  
77  15  67  100  70  33  26  13  
77  16  67  1  70  32  26  14  
77  15  67  0  70  31  26  15  
77  14  67  99  70  30  26  16  
77  13  67  100  70  29  26  17  
77  14  67  1  71  29  26  18  
77  13  67  0  71  28  26  19  
77  12  67  99  71  27  26  20  
77  11  67  100  71  26  26  21  
77  12  67  1  72  26  26  22  
77  11  67  0  72  25  26  23  
77  10  67  99  72  24  26  24  
77  9  67  100  72  23  26  25  
78  9  67  1  73  23  26  26  
79  9  67  0  74  23  26  27  
79  8  67  99  74  22  26  28  
79  7  67  100  74  21  26  29  
80  7  67  1  75  21  26  30  
81  7  67  0  76  21  26  31  
81  6  67  99  76  20  26  32  
81  5  67  98  76  19  26  33  
81  4  67  97  76  18  26  34  
81  3  67  96  76  17  26  35  
81  2  67  95  76  16  26  36  
81  1  67  94  76  15  26  37  
81  0  67  93  76  14  26  38  
81  99  67  92  77  14  26  39  
81  98  67  91  78  14  26  40  
81  97  67  90  79  14  26  41  
81  96  67  89  80  14  26  42  
81  95  67  88  81  14  26  43  
81  94  67  87  82  14  26  44  
82  94  67  86  83  14  26  45  
82  93  67  85  84  14  26  46  
83  93  67  84  85  14  26  47  
83  92  67  83  86  14  26  48  
84  92  67  82  87  14  26  49  
84  91  67  81  88  14  26  50  
85  91  67  80  89  14  26  51  
85  90  67  79  90  14  26  52  
86  90  67  78  91  14  26  53  
86  89  67  77  92  14  26  54  
87  89  67  76  93  14  26  55  
87  88  67  75  94  14  26  56  
88  88  67  74  95  14  26  57  
88  87  67  73  96  14  26  58  
89  87  67  72  97  14  26  59  
89  86  67  71  98  14  26  60  
90  86  67  70  99  14  26  61  
90  85  67  69  100  14  26  62  
91  85  67  68  1  14  26  63  
91  84  67  67  2  14  26  64  
92  84  67  66  3  14  26  65  
92  83  67  65  4  14  26  66  
93  83  67  64  5  14  26  67  
93  82  67  63  6  14  26  68  
94  82  67  62  7  14  26  69  
94  81  67  61  8  14  26  70  
93  81  67  60  9  14  26  71  
92  81  67  59  10  14  26  72  
91  81  67  58  11  14  26  73  
90  81  67  57  12  14  26  74  
89  81  67  56  13  14  26  75  
88  81  67  55  14  14  26  76  
87  81  67  54  15  14  26  77  
86  81  67  53  16  14  26  78  
85  81  67  52  17  14  26  79  
84  81  67  51  18  14  26  80  
83  81  67  52  19  14  26  81  
82  81  67  53  20  14  26  82  
82  82  67  54  21  14  26  83  
82  83  67  55  22  14  26  84  
82  84  67  56  23  14  26  85  
82  85  67  57  24  14  26  86  
82  86  67  58  25  14  26  87  
82  87  67  59  26  14  26  88  
82  88  67  60  27  14  26  89  
82  89  67  61  28  14  26  90  
82  90  67  62  29  14  26  91  
82  91  67  63  30  14  26  92  
82  92  67  64  31  14  26  93  
82  93  67  65  32  14  26  94  
82  94  67  66  32  13  26  95  
82  95  67  67  32  12  26  96  
82  96  67  68  32  11  26  97  
82  97  67  69  32  10  26  98  
82  98  67  70  32  9  26  99  
82  99  67  71  32  8  26  100  
82  100  67  72  32  7  26  1  
82  1  67  73  32  6  26  2  
82  2  67  74  32  5  26  3  
82  3  67  75  32  4  26  4  
82  4  67  76  32  3  26  5  
82  5  67  77  32  2  26  6  
82  6  67  78  32  1  26  7  
82  7  67  79  32  0  26  8  
82  8  67  80  32  99  26  9  
82  9  67  81  32  98  26  10  
82  10  67  82  32  97  26  11  
82  11  67  83  32  96  26  12  
82  12  67  84  32  95  26  13  
82  13  67  85  32  94  26  14  
82  14  67  86  32  93  26  15  
82  15  67  87  33  93  26  16  
82  16  67  88  34  93  26  17  
82  17  67  89  35  93  26  18  
82  18  67  90  36  93  26  19  
82  19  67  91  37  93  26  20  
82  20  67  92  38  93  26  21  
82  21  67  93  39  93  26  22  
82  22  67  94  40  93  26  23  
82  23  67  95  41  93  26  24  
82  24  67  96  42  93  26  25  
82  25  67  97  43  93  26  26  
82  26  67  98  44  93  26  27  
82  27  67  99  45  93  26  28  
82  28  67  100  46  93  26  29  
82  29  67  1  47  93  26  30  
82  30  67  2  48  93  26  31  
82  31  67  3  49  93  26  32  
82  32  67  4  50  93  26  33  
82  33  67  5  51  93  26  34  
82  34  67  6  52  93  26  35  
82  35  67  7  53  93  26  36  
82  36  67  8  54  93  26  37  
82  37  67  9  55  93  26  38  
82  38  67  10  56  93  26  39  
82  39  67  11  57  93  26  40  
82  40  67  12  58  93  26  41  
82  41  67  13  59  93  26  42  
82  42  67  14  60  93  26  43  
82  43  67  15  61  93  26  44  
82  44  67  16  61  92  26  45  
82  45  67  17  62  92  26  46  
82  46  67  18  63  92  26  47  
82  47  67  19  63  91  26  48  
82  48  67  20  64  91  26  49  
82  49  67  21  64  90  26  50  
82  50  67  22  65  90  26  51  
82  51  67  23  66  90  26  52  
82  52  67  24  66  89  26  53  
82  53  67  25  67  89  26  54  
82  54  67  26  67  88  26  55  
82  55  67  27  68  88  26  56  
82  56  67  28  69  88  26  57  
82  57  67  29  69  87  26  58  
82  58  67  30  70  87  26  59  
82  57  67  31  70  86  26  60  
82  58  67  32  70  85  26  61  
82  57  67  31  70  84  26  62  
82  56  67  30  70  83  26  63  
82  55  67  29  70  82  26  64  
82  54  67  28  70  81  26  65  
82  53  67  27  70  80  26  66  
82  52  67  26  70  79  26  67  
82  51  67  25  70  78  26  68  
82  50  67  24  70  77  26  69  
82  49  67  23  70  76  26  70  
82  48  67  22  70  75  26  71  
82  47  67  21  70  74  26  72  
82  46  67  20  70  73  26  73  
82  45  67  19  70  72  26  74  
82  44  67  18  70  71  26  75  
82  43  67  17  70  70  26  76  
82  42  67  16  70  69  26  77  
82  41  67  15  70  68  26  78  
82  40  67  14  70  67  26  79  
82  39  67  13  70  66  26  80  
82  38  67  12  70  65  26  81  
82  37  67  11  70  64  26  82  
82  36  67  10  70  63  26  83  
82  35  67  9  70  62  26  84  
82  34  67  8  70  61  26  85  
82  33  67  7  70  60  26  86  
82  32  67  6  70  59  26  87  
82  31  67  5  70  58  26  88  
82  30  67  4  70  57  26  89  
82  29  67  3  70  56  26  90  
82  28  67  2  70  55  26  91  
82  27  67  1  70  54  26  92  
82  26  67  0  70  53  26  93  
82  25  67  99  70  52  26  94  
82  24  67  100  70  51  26  95  
82  25  67  1  71  51  26  96  
82  24  67  0  71  50  26  97  
82  23  67  99  71  49  26  98  
82  22  67  100  71  48  26  99  
82  23  67  1  72  48  26  100  
82  22  67  0  72  47  26  1  
82  21  67  99  72  46  26  2  
82  20  67  100  72  45  26  3  
82  21  67  1  72  44  26  4  
82  20  67  0  72  43  26  5  
82  19  67  99  72  42  26  6  
82  18  67  100  72  41  26  7  
82  19  67  1  73  41  26  8  
82  18  67  0  73  40  26  9  
82  17  67  99  73  39  26  10  
82  16  67  100  73  38  26  11  
82  17  67  1  74  38  26  12  


1  4 
14  17  11  37  47  55  31  83  
14  16  11  38  48  55  31  84  
14  15  11  39  49  55  31  85  
14  14  11  40  50  55  31  86  
14  13  11  41  51  55  31  87  
14  12  11  42  52  55  31  88  
14  11  11  43  53  55  30  88  
14  10  11  44  54  55  30  89  
14  9  11  45  55  55  29  89  
14  10  11  46  56  55  29  90  
14  11  11  47  57  55  29  91  
14  12  11  48  58  55  29  92  
14  13  11  49  59  55  29  93  
14  14  11  50  60  55  29  94  
14  15  11  51  60  55  29  95  
14  16  11  52  60  55  29  96  
14  17  11  53  60  55  29  97  
14  18  11  54  60  55  29  98  
14  19  11  55  60  55  29  99  
14  20  11  56  60  55  29  100  
14  21  11  57  60  54  29  1  
14  22  11  58  60  53  29  2  
14  23  11  59  60  52  29  3  
14  24  11  60  60  51  29  4  
14  25  11  61  60  50  29  5  
14  26  11  62  60  49  29  6  
14  27  11  63  60  48  29  7  
14  28  11  64  60  47  29  8  
14  29  11  65  60  46  29  9  
14  30  11  66  60  45  29  10  
14  31  11  67  60  44  29  11  
14  32  11  68  60  43  29  12  
14  33  11  69  60  42  29  13  
14  34  11  70  60  41  29  14  
14  35  11  71  60  40  29  15  
14  36  11  72  60  39  29  16  
14  37  11  73  60  38  29  17  
14  38  11  74  60  37  29  18  
14  39  11  75  60  36  29  19  
14  40  11  76  60  35  29  20  
14  41  11  77  60  34  29  21  
14  42  11  78  60  33  29  22  
14  43  11  79  60  32  29  23  
14  44  11  80  60  31  29  24  
14  45  11  81  60  30  29  25  
14  46  11  82  60  29  29  26  
14  47  11  83  60  28  29  27  
14  48  11  84  60  27  29  28  
14  49  11  85  60  26  29  29  
14  50  11  86  60  25  29  30  
14  51  11  87  60  24  29  31  
14  52  11  88  60  23  29  32  
14  53  11  89  60  22  29  33  
14  54  11  90  60  21  29  34  
14  55  11  91  60  20  29  35  
14  56  11  92  60  20  29  36  
14  57  11  93  60  20  29  37  
14  58  11  94  60  20  29  38  
14  59  11  95  60  20  29  39  
14  60  11  96  60  20  29  40  
14  61  11  97  61  20  29  41  
14  62  11  98  62  20  29  42  
14  63  11  99  63  20  29  43  
14  64  11  100  64  20  29  44  
14  65  11  1  65  20  29  45  
14  66  11  2  66  20  29  46  
14  67  11  3  67  20  29  47  
14  68  11  4  68  20  29  48  
14  69  11  5  69  20  29  49  
14  70  11  6  70  20  29  50  
14  71  11  7  71  20  29  51  
14  72  11  8  72  20  29  52  
14  73  11  9  73  20  29  53  
14  74  11  10  74  20  29  54  
14  75  11  11  75  20  29  55  
14  76  11  12  76  20  29  56  
14  77  11  13  77  20  29  57  
14  78  11  14  78  20  29  58  
14  79  11  15  79  20  29  59  
14  80  11  16  80  20  29  60  
14  81  11  17  81  20  29  61  
14  82  11  18  82  20  29  62  
14  83  11  19  83  20  29  63  
14  84  11  20  84  20  29  64  
14  85  11  21  85  20  29  65  
14  86  11  22  86  20  29  66  
14  87  11  23  87  20  29  67  
14  88  11  24  88  20  29  68  
14  89  11  25  89  20  29  69  
14  90  11  26  90  20  29  70  
14  91  11  27  91  20  29  71  
14  92  11  28  92  20  29  72  
14  93  11  29  93  20  29  73  
14  94  11  30  94  20  29  74  
14  95  11  31  95  20  29  75  
14  96  11  32  96  20  29  76  
14  97  11  33  97  20  29  77  
14  98  11  34  98  20  29  78  
14  99  11  35  99  20  29  79  
14  100  11  36  100  20  29  80  
14  99  11  37  1  20  29  81  
14  100  11  38  2  20  29  82  
14  99  11  39  3  20  29  83  
14  100  11  40  4  20  29  84  
14  99  11  41  5  20  29  85  
13  99  11  42  6  20  29  86  
13  98  11  43  7  20  29  87  
12  98  11  44  8  20  29  88  
12  97  11  45  9  20  29  89  
11  97  11  46  10  20  29  90  
11  96  11  47  11  20  29  91  
10  96  11  48  12  20  29  92  
9  96  11  49  13  20  29  93  
8  96  11  50  14  20  29  94  
7  96  11  51  15  20  29  95  
6  96  11  52  16  20  28  95  
5  96  11  53  17  20  27  95  
4  96  11  54  18  20  26  95  
3  96  11  55  19  20  25  95  
2  96  11  56  20  20  24  95  
1  96  11  57  21  20  23  95  
0  96  11  58  22  20  22  95  
99  96  11  59  23  20  22  96  
98  96  11  60  24  20  22  97  
97  96  11  61  25  20  22  98  
96  96  11  62  26  20  22  99  
95  96  11  63  27  20  22  100  
94  96  11  64  28  20  22  1  
93  96  11  65  29  20  22  2  
92  96  11  66  30  20  22  3  
91  96  11  67  31  20  22  4  
90  96  11  68  32  20  22  5  
89  96  11  69  33  20  22  6  
88  96  11  70  34  20  22  7  
87  96  11  71  35  20  22  8  
86  96  11  72  36  20  22  9  
85  96  11  73  37  20  22  10  
84  96  11  74  38  20  22  11  
83  96  11  75  39  20  22  12  
82  96  11  76  40  20  22  13  
81  96  11  77  41  20  22  14  
80  96  11  78  42  20  22  15  
79  96  11  79  43  20  22  16  
78  96  11  80  44  20  22  17  
77  96  11  81  45  20  22  18  
76  96  11  82  46  20  22  19  
75  96  11  83  47  20  22  20  
74  96  11  84  48  20  22  21  
73  96  11  85  49  20  22  22  
74  96  11  86  50  20  22  23  
73  96  11  87  51  20  22  24  
73  95  11  88  52  20  22  25  
72  95  11  89  53  20  21  25  
72  94  11  90  54  20  21  26  
71  94  11  91  55  20  20  26  
71  93  11  92  56  20  20  27  
70  93  11  93  57  20  19  27  
70  92  11  94  58  20  19  28  
70  91  11  95  59  20  19  29  
70  90  11  96  60  20  19  30  
70  89  11  97  61  20  19  31  
70  88  11  98  62  20  19  32  
70  87  11  99  63  20  19  33  
70  86  11  100  64  20  19  34  
70  85  11  1  65  20  19  35  
70  84  11  2  66  20  19  36  
70  83  11  3  67  20  19  37  
70  82  11  4  68  20  19  38  
70  81  11  5  69  20  19  39  
70  80  11  6  70  20  19  40  
70  79  11  7  71  20  19  41  
70  78  11  8  72  20  19  42  
70  77  11  9  73  20  19  43  
70  76  11  10  74  20  19  44  
70  75  11  11  75  20  19  45  
70  74  11  12  76  20  19  46  
70  73  11  13  77  20  19  47  
70  72  11  14  78  20  19  48  
70  71  11  15  79  20  19  49  
70  70  11  16  79  19  19  50  
70  69  11  17  79  18  19  51  
70  68  11  18  79  17  19  52  
70  67  11  19  79  16  19  53  
70  66  11  20  79  15  19  54  
70  65  11  21  79  14  19  55  
70  64  11  22  79  13  19  56  
69  64  11  23  80  13  19  57  
70  64  11  24  81  13  19  58  
69  64  11  25  82  13  19  59  
70  64  11  26  83  13  19  60  
69  64  11  27  84  13  19  61  
70  64  11  28  85  13  19  62  
69  64  11  29  86  13  18  62  
68  64  11  30  87  13  17  62  
67  64  11  31  88  13  16  62  
66  64  11  32  89  13  15  62  
65  64  11  33  90  13  14  62  
64  64  11  34  91  13  13  62  
63  64  11  35  92  13  12  62  
62  64  11  36  93  13  11  62  
61  64  11  35  94  13  10  62  
60  64  11  34  95  13  9  62  
59  64  11  33  96  13  8  62  
58  64  11  32  97  13  7  62  
57  64  11  31  98  13  6  62  
56  64  11  30  99  13  5  62  
55  64  11  29  100  13  4  62  
54  64  11  28  1  13  3  62  
53  64  11  27  2  13  2  62  
52  64  11  26  3  13  1  62  
51  64  11  25  4  13  0  62  
50  64  11  24  5  13  99  62  
49  64  11  23  6  13  98  62  
48  64  11  22  7  13  97  62  
47  64  11  21  8  13  96  62  
46  64  11  20  9  13  95  62  
45  64  11  19  10  13  94  62  
44  64  11  18  11  13  93  62  
43  64  11  17  12  13  92  62  
42  64  11  16  13  13  91  62  
41  64  11  15  14  13  90  62  
40  64  11  14  15  13  89  62  
39  64  11  15  16  13  88  62  
38  64  11  16  17  13  87  62  
37  64  11  17  18  13  86  62  
36  64  11  18  19  13  85  62  
35  64  11  19  20  13  84  62  
34  64  11  20  21  13  83  62  
33  64  11  21  22  13  82  62  
32  64  11  22  23  13  81  62  
31  64  11  23  24  13  80  62  
30  64  11  24  25  13  79  62  
29  64  11  25  26  13  78  62  
28  64  11  26  27  13  77  62  
28  63  11  27  27  12  76  62  
27  63  11  28  28  12  75  62  
26  63  11  29  29  12  74  62  
26  64  11  30  30  12  73  62  
26  65  11  31  31  12  73  63  
26  66  11  32  32  12  73  64  
26  67  11  33  33  12  73  65  
26  68  11  34  34  12  73  66  
26  69  11  35  35  12  73  67  
26  70  11  36  36  12  73  68  
26  71  11  37  37  12  73  69  
26  72  11  38  38  12  73  70  
26  73  11  39  39  12  73  71  
26  74  11  40  40  12  73  72  
26  75  11  41  41  12  73  73  
26  76  11  42  42  12  73  74  
26  77  11  43  43  12  73  75  
26  78  11  44  44  12  73  76  
26  79  11  45  45  12  73  77  
26  80  11  46  46  12  73  78  
26  81  11  47  47  12  73  79  
26  82  11  48  48  12  73  80  
26  83  11  49  49  12  73  81  
26  84  11  50  50  12  73  82  
26  85  11  51  51  12  73  83  
26  86  11  52  52  12  73  84  
26  87  11  53  53  12  73  85  
26  88  11  54  54  12  73  86  
26  89  11  55  55  12  73  87  
26  90  11  56  56  12  73  88  
26  91  11  57  57  12  73  89  
26  92  11  58  58  12  73  90  
26  93  11  59  59  12  73  91  
26  94  11  60  60  12  73  92  
26  95  11  61  61  12  73  93  
26  96  11  62  62  12  73  94  
26  97  11  63  63  12  73  95  
26  98  11  64  63  11  73  96  
26  99  11  65  63  10  73  97  
25  99  11  66  63  9  72  97  
25  100  11  67  63  8  72  98  
24  100  11  68  63  7  71  98  
24  1  11  69  63  6  70  98  
23  1  11  70  63  5  69  98  
23  2  11  71  63  4  68  98  
22  2  11  72  63  3  67  98  
22  3  11  73  63  2  66  98  
22  4  11  74  63  1  65  98  
22  5  11  75  63  0  64  98  
22  6  11  76  63  99  63  98  
22  7  11  77  63  98  62  98  
22  8  11  78  63  97  61  98  
22  9  11  79  63  96  60  98  
22  10  11  80  63  95  59  98  
22  11  11  81  63  94  58  98  
22  12  11  82  64  94  57  98  
22  13  11  83  65  94  56  98  
22  14  11  84  66  94  55  98  
22  15  11  85  67  94  54  98  
22  16  11  86  68  94  53  98  
22  17  11  87  69  94  52  98  
22  18  11  88  70  94  51  98  
22  19  11  89  71  94  50  98  
22  20  11  90  72  94  49  98  
22  21  11  91  73  94  48  98  
22  22  11  92  74  94  47  98  


2  0 
59  5  33  32  81  19  30  97  
58  5  33  33  81  20  31  97  
59  5  33  34  81  21  32  97  
60  5  33  35  81  22  33  97  
61  5  33  36  81  23  34  97  
62  5  33  37  81  24  35  97  
63  5  33  38  81  25  36  97  
64  5  33  39  81  26  37  97  
65  5  33  40  80  26  38  97  
66  5  33  41  79  26  39  97  
66  4  33  42  78  26  40  97  
67  4  33  43  77  26  41  97  
67  3  33  44  76  26  42  97  
68  3  33  45  75  26  43  97  
68  2  33  46  74  26  44  97  
69  2  33  47  73  26  45  97  
69  1  33  48  72  26  46  97  
70  1  33  49  71  26  47  97  
70  0  33  50  70  26  48  97  
71  0  33  51  69  26  49  97  
72  0  33  52  68  26  50  97  
73  0  33  53  67  26  51  97  
74  0  33  54  66  26  52  97  
75  0  33  55  65  26  53  97  
76  0  33  56  64  26  54  97  
77  0  33  57  63  26  55  97  
78  0  33  58  62  26  56  97  
79  0  33  59  61  26  57  97  
80  0  33  60  60  26  58  97  
81  0  33  61  59  26  59  97  
82  0  33  62  59  27  60  97  
83  0  33  63  59  28  61  97  
84  0  33  64  59  29  62  97  
85  0  33  65  59  30  63  97  
86  0  33  66  59  31  64  97  
87  0  33  67  59  32  65  97  
88  0  33  68  59  33  66  97  
89  0  33  69  59  34  67  97  
90  0  33  70  59  35  68  97  
91  0  33  71  59  36  69  97  
92  0  33  72  59  37  70  97  
93  0  33  73  59  38  71  97  
94  0  33  74  59  39  72  97  
95  0  33  75  59  40  73  97  
96  0  33  76  59  41  74  97  
97  0  33  77  59  42  75  97  
98  0  33  78  59  43  76  97  
99  0  33  79  59  44  77  97  
100  0  33  80  59  45  78  97  
1  0  33  81  58  45  78  97  
2  0  33  82  57  45  78  97  
3  0  33  83  56  45  78  97  
4  0  33  84  55  45  78  97  
5  0  33  85  55  46  78  97  
6  0  33  86  55  47  78  97  
7  0  33  87  55  48  78  97  
8  0  33  88  55  49  78  97  
9  0  33  89  55  50  78  97  
10  0  33  90  55  51  78  97  
9  0  33  91  54  51  78  97  
8  0  33  92  53  51  78  97  
7  0  33  93  52  51  78  97  
8  0  33  94  51  51  78  97  
7  0  33  95  50  51  78  97  
6  0  33  96  49  51  78  97  
5  0  33  97  48  51  78  97  
6  0  33  98  47  51  78  97  
5  0  33  99  46  51  78  97  
4  0  33  100  45  51  78  97  
3  0  33  1  44  51  78  97  
4  0  33  2  43  51  78  97  
5  0  33  3  42  51  78  97  
6  0  33  4  41  51  78  97  
5  0  34  4  40  51  78  97  
6  0  35  4  39  51  78  97  
7  0  36  4  38  51  78  97  
8  0  37  4  37  51  78  97  
7  0  38  4  36  51  78  97  
8  0  39  4  35  51  78  97  
9  0  40  4  34  51  78  97  
10  0  41  4  33  51  78  97  
9  0  42  4  32  51  78  97  
10  0  43  4  31  51  78  97  
11  0  44  4  30  51  78  97  
12  0  45  4  29  51  78  97  
11  0  46  4  28  51  78  97  
12  0  47  4  27  51  78  97  
13  0  48  4  27  52  78  97  
14  0  49  4  27  53  78  97  
13  0  49  5  27  54  78  97  
14  0  50  5  27  55  78  97  
15  0  51  5  27  56  78  97  
16  0  52  5  27  57  78  97  
15  0  53  5  27  58  78  97  
16  0  54  5  27  59  78  97  
17  0  55  5  27  60  78  97  
18  0  56  5  27  61  78  97  
17  0  57  5  27  62  78  97  
18  0  58  5  27  63  78  97  
19  0  59  5  27  63  78  97  
20  0  60  5  26  63  78  97  
20  1  60  6  25  63  78  97  
20  2  60  7  24  63  78  97  
20  3  60  8  23  63  78  97  
20  4  60  9  22  63  78  97  
20  5  60  10  21  63  78  97  
20  6  60  11  20  63  78  97  
20  7  60  12  19  63  78  97  
19  7  61  12  18  63  78  97  
19  8  61  13  17  63  78  97  
18  8  62  13  16  63  78  97  
18  9  62  14  15  63  78  97  
17  9  63  14  14  63  78  97  
17  10  63  15  13  63  78  97  
16  10  64  15  12  63  78  97  
16  11  64  16  11  63  78  97  
17  11  65  16  10  63  78  97  
16  11  65  17  9  63  78  97  
17  11  66  17  8  63  78  97  
18  11  67  17  7  63  78  97  
19  11  68  17  7  64  78  97  
18  11  69  17  7  65  78  97  
19  11  70  17  7  66  78  97  
20  11  71  17  7  67  78  97  
21  11  72  17  6  67  78  97  
22  11  73  17  5  67  78  97  
23  11  74  17  4  67  78  97  
24  11  75  17  3  67  78  97  
25  11  76  17  2  67  78  97  
26  11  77  17  1  67  78  97  
27  11  78  17  0  67  78  97  
28  11  79  17  99  67  79  97  
29  11  80  17  98  67  80  97  
30  11  81  17  97  67  81  97  
31  11  82  17  96  67  82  97  
32  11  83  17  95  67  83  97  
33  11  84  17  94  67  84  97  
34  11  85  17  93  67  85  97  
35  11  86  17  92  67  86  97  
36  11  87  17  91  67  87  97  
37  11  88  17  90  67  88  97  
38  11  89  17  89  67  89  97  
39  11  90  17  88  67  90  97  
40  11  91  17  87  67  91  97  
41  11  92  17  86  67  92  97  
42  11  93  17  85  67  93  97  
43  11  94  17  84  67  94  97  
44  11  95  17  83  67  95  97  
45  11  96  17  82  67  96  97  
46  11  97  17  81  67  97  97  
47  11  98  17  80  67  98  97  
48  11  99  17  79  67  99  97  
49  11  100  17  78  67  100  97  
50  11  1  17  77  67  1  97  
51  11  2  17  76  67  2  97  
52  11  3  17  75  67  3  97  
53  11  4  17  74  67  4  97  
54  11  5  17  73  67  5  97  
55  11  6  17  72  67  6  97  
56  11  7  17  71  67  7  97  
57  11  8  17  70  67  8  97  
58  11  9  17  70  68  9  97  
59  11  10  17  70  69  10  97  
59  12  10  18  70  70  11  97  
59  13  10  19  70  71  11  98  
59  14  10  20  70  72  11  99  
59  15  10  21  70  73  11  100  
59  16  10  22  70  74  11  1  
59  17  10  23  70  75  11  2  
59  18  10  24  70  76  11  3  
59  19  10  25  70  77  11  4  
59  20  10  26  70  78  11  5  
59  21  10  27  70  79  11  6  
59  22  10  28  70  80  11  7  
59  23  10  29  70  81  11  8  
59  24  10  30  70  82  11  9  
59  25  10  31  70  83  11  10  
59  26  10  32  70  84  11  11  
59  27  10  33  70  85  11  12  
59  28  10  34  70  86  11  13  
59  29  10  35  70  87  11  14  
59  30  10  36  70  88  11  15  
59  31  10  37  70  89  11  16  
59  32  10  38  70  90  11  17  
59  33  10  39  70  91  11  18  
59  34  10  40  70  92  11  19  
59  35  10  41  70  93  11  20  
59  36  10  42  70  94  11  21  
59  37  10  43  70  95  11  22  
59  38  10  44  70  96  11  23  
59  39  10  45  70  97  11  24  
59  40  10  46  70  98  11  25  
59  41  10  47  70  99  11  26  
59  42  10  48  70  100  11  27  
59  43  10  49  70  1  11  28  
59  44  10  50  69  1  11  29  
59  45  10  51  68  1  11  30  
59  46  10  52  67  1  11  31  
59  47  10  53  66  1  11  32  
59  48  10  54  65  1  11  33  
59  49  10  55  64  1  11  34  
59  50  10  56  63  1  11  35  
59  51  10  57  62  1  11  36  
59  52  10  58  61  1  11  37  
59  51  11  58  60  1  11  38  
59  52  12  58  59  1  11  39  
59  51  13  58  58  1  11  40  
59  52  14  58  57  1  11  41  
60  52  15  58  56  1  11  42  
61  52  16  58  55  1  11  43  
62  52  17  58  54  1  11  43  
63  52  18  58  53  1  11  43  
64  52  19  58  53  2  11  43  
65  52  20  58  52  2  11  43  
66  52  21  58  51  2  11  43  
67  52  22  58  50  2  11  43  
68  52  23  58  49  2  11  43  
69  52  24  58  48  2  11  43  
70  52  25  58  47  2  11  43  
69  52  26  58  46  2  11  43  
70  52  27  58  45  2  11  43  
71  52  28  58  44  2  11  43  
72  52  29  58  43  2  11  43  
71  52  30  58  42  2  11  43  
72  52  31  58  41  2  11  43  
73  52  32  58  40  2  11  43  
74  52  33  58  39  2  11  43  
73  52  34  58  38  2  11  43  
74  52  35  58  37  2  11  43  
75  52  36  58  36  2  11  43  
76  52  37  58  35  2  11  43  
75  52  38  58  34  2  11  43  
76  52  39  58  34  3  11  43  
77  52  40  58  34  4  11  43  
78  52  41  58  34  5  11  43  
77  52  42  58  34  6  11  43  
78  52  43  58  34  7  11  43  
79  52  44  58  34  8  11  43  
80  52  45  58  34  9  11  43  
79  52  46  58  34  10  11  43  
80  52  47  58  34  11  11  43  
81  52  48  58  34  12  11  43  
82  52  49  58  34  13  11  43  
81  52  50  58  34  14  11  43  
82  52  51  58  34  15  11  43  
83  52  52  58  34  16  11  43  
84  52  53  58  34  17  11  43  
83  52  54  58  34  18  11  43  
84  52  55  58  34  19  11  43  
85  52  56  58  33  19  11  43  
86  52  57  58  32  19  11  43  
85  52  58  58  31  19  11  43  
86  52  59  58  30  19  11  43  
87  52  60  58  29  19  11  43  
88  52  61  58  28  19  11  43  
87  52  62  58  27  19  11  43  
88  52  63  58  26  19  11  43  
89  52  64  58  25  19  11  43  
90  52  65  58  24  19  11  43  
89  52  66  58  23  19  11  43  
90  52  67  58  22  19  11  43  
91  52  68  58  21  19  11  43  
92  52  69  58  20  19  11  43  
91  52  70  58  19  19  11  43  
92  52  71  58  18  19  11  43  
93  52  72  58  17  19  11  43  
94  52  73  58  16  19  11  43  
93  52  74  58  15  19  11  43  
94  52  75  58  14  19  11  43  
95  52  76  58  13  19  11  43  
96  52  77  58  12  19  11  43  
95  52  78  58  11  19  11  43  
96  52  79  58  10  19  11  43  
97  52  80  58  9  19  11  43  
98  52  81  58  8  19  11  43  
97  52  82  58  7  19  11  43  
98  52  83  58  6  19  11  43  
99  52  84  58  5  19  11  43  
100  52  85  58  4  19  11  43  
99  52  85  59  3  19  11  43  
100  52  85  60  2  19  11  43  
99  52  85  61  1  19  11  43  
98  52  85  62  0  19  11  43  
97  52  85  63  99  19  11  43  
98  52  85  64  98  19  11  43  
97  52  85  65  97  19  11  43  
96  52  85  66  96  19  11  43  
95  52  85  67  95  19  11  43  
95  51  85  68  94  19  11  43  
94  51  85  69  93  19  11  43  
93  51  85  70  92  19  11  43  
92  51  85  71  91  19  11  43  
92  50  85  72  90  19  11  43  
91  50  85  73  89  19  11  43  
90  50  85  74  88  19  11  43  
89  50  85  75  87  19  11  43  
89  49  85  76  86  19  11  43  
88  49  85  77  85  19  11  43  
87  49  85  78  84  19  11  43  
86  49  85  79  83  19  11  43  


2  1 
48  84  40  44  55  37  40  7  
48  83  40  45  54  37  41  7  
48  82  40  46  53  37  42  7  
48  81  40  47  52  37  43  7  
48  80  40  48  51  37  44  7  
48  79  40  49  50  37  45  7  
48  78  40  50  49  37  46  7  
48  77  40  51  48  37  47  7  
48  76  40  52  47  37  48  7  
48  75  40  53  46  37  49  7  
48  76  40  54  45  37  50  7  
48  77  40  55  44  37  51  7  
48  78  40  56  43  37  52  7  
48  79  40  57  42  37  53  7  
48  80  40  58  41  37  54  7  
48  81  40  59  40  37  55  7  
48  82  40  60  39  37  56  7  
48  83  40  61  38  37  57  7  
48  84  40  62  37  37  58  7  
48  85  40  63  36  37  59  7  
48  86  40  64  35  37  60  7  
48  87  40  65  34  37  61  7  
48  88  40  66  34  38  61  8  
48  89  40  67  34  39  61  9  
48  90  40  68  34  40  61  10  
48  91  40  69  34  41  61  11  
48  92  40  70  34  42  61  12  
48  93  40  71  34  43  61  13  
48  94  40  72  34  44  61  14  
48  95  40  73  34  45  61  15  
48  96  40  74  34  46  61  16  
48  97  40  75  34  47  61  17  
48  98  40  76  34  48  61  18  
48  99  40  77  34  49  61  19  
48  100  40  78  34  50  61  20  
48  1  40  79  33  50  62  20  
48  2  40  80  32  50  63  20  
48  3  40  81  31  50  64  20  
48  4  40  82  30  50  65  20  
48  5  40  83  29  50  65  21  
48  6  40  84  28  50  65  22  
48  7  40  85  27  50  65  23  
48  8  40  86  26  50  65  24  
48  9  40  87  25  50  65  25  
48  10  40  88  24  50  65  26  
48  11  40  89  23  50  65  27  
48  12  40  90  22  50  65  28  
48  13  40  91  21  50  65  29  
48  14  40  92  20  50  65  30  
48  15  40  93  19  50  65  31  
48  16  40  94  19  51  65  32  
48  17  40  95  19  52  65  33  
48  18  40  96  19  53  65  34  
48  19  40  97  19  54  65  35  
48  20  40  98  19  55  65  36  
48  21  40  99  19  56  65  37  
48  22  40  100  19  57  65  38  
48  23  40  1  19  58  65  39  
48  24  40  2  19  59  65  40  
48  25  40  3  19  60  65  41  
48  26  40  4  19  61  65  42  
48  27  40  5  19  62  65  43  
48  28  40  6  19  63  65  44  
48  29  40  7  19  64  65  45  
48  30  40  8  19  65  65  46  
48  31  40  9  19  66  65  47  
48  32  40  10  19  67  65  48  
48  33  40  11  19  68  65  49  
48  34  40  12  19  69  65  50  
48  35  40  13  19  70  65  51  
48  36  40  14  19  71  65  52  
48  37  40  15  19  72  65  53  
48  38  40  16  19  73  65  54  
48  39  40  17  19  74  65  55  
48  40  40  18  19  75  65  56  
48  41  40  19  19  76  65  57  
48  42  40  20  19  77  65  58  
48  43  40  21  19  78  65  59  
48  44  40  22  19  79  65  60  
48  45  40  23  19  80  65  61  
48  46  40  24  19  81  65  62  
48  47  40  25  19  82  65  63  
48  48  40  26  19  83  65  64  
48  49  40  27  19  84  65  65  
48  50  40  28  19  85  65  66  
48  51  40  29  19  86  65  67  
48  52  40  30  19  87  65  68  
48  53  40  31  19  88  65  69  
48  54  40  32  19  89  65  70  
48  55  40  33  19  90  65  71  
48  56  40  34  19  91  65  72  
48  57  40  35  19  92  65  73  
48  58  40  36  19  93  65  74  
48  59  40  37  19  94  65  75  
48  60  40  38  19  95  65  76  
48  61  40  39  19  96  65  77  
48  62  40  40  19  97  65  78  
48  63  40  41  19  98  65  79  
48  64  40  42  19  99  65  80  
48  65  40  43  19  100  65  81  
48  66  40  44  19  1  65  82  
48  67  40  45  18  1  65  83  
48  68  40  46  17  1  65  84  
48  69  40  47  16  1  65  85  
48  70  40  48  15  1  65  86  
48  71  40  49  14  1  65  87  
48  72  40  50  13  1  65  88  
48  73  40  51  12  1  65  89  
48  74  40  52  11  1  65  90  
48  75  40  53  10  1  65  91  
48  76  40  54  9  1  65  92  
48  77  40  55  8  1  65  93  
48  78  40  56  7  1  65  94  
48  79  40  57  6  1  65  95  
48  80  40  58  5  1  65  96  
48  81  40  59  4  1  65  97  
48  82  40  60  3  1  65  98  
48  83  40  61  2  1  65  99  
48  84  40  62  1  1  65  100  
48  85  40  63  0  1  65  1  
48  86  40  64  99  1  65  2  
48  87  40  65  98  1  65  3  
48  88  40  66  97  1  65  4  
48  89  40  67  96  1  65  5  
48  90  40  68  95  1  65  6  
48  91  40  69  94  1  65  7  
48  92  40  70  93  1  65  8  
48  93  40  71  92  1  65  9  
48  94  40  72  91  1  65  10  
48  95  40  73  90  1  65  11  
48  96  40  74  89  1  65  12  
48  97  40  75  88  1  65  13  
48  98  40  76  87  1  65  14  
48  99  40  77  86  1  65  15  
48  100  40  78  85  1  65  16  
48  1  40  79  84  1  65  17  
48  2  40  80  83  1  65  18  
48  3  40  81  83  2  65  19  
48  4  40  82  83  3  65  20  
48  5  40  83  83  4  65  21  
48  6  40  84  83  5  65  22  
48  7  40  85  83  6  65  23  
48  8  40  86  83  7  65  24  
48  9  40  87  83  8  65  25  
48  10  40  88  83  9  65  26  
48  11  40  89  83  10  65  27  
48  12  40  90  83  11  65  28  
48  13  40  91  83  12  65  29  
48  14  40  92  83  13  65  30  
48  15  40  93  83  14  65  31  
48  16  40  94  83  15  65  32  
48  17  40  95  83  16  65  33  
48  18  40  96  83  17  65  34  
48  19  40  97  83  18  65  35  
48  20  40  98  83  19  65  36  
48  21  40  99  83  20  65  37  
48  22  40  100  83  21  65  38  
48  23  40  1  83  22  65  39  
48  24  40  2  83  23  65  40  
48  25  40  3  83  24  65  41  
48  26  40  4  83  25  65  42  
48  27  40  5  83  26  65  43  
48  28  40  6  83  27  65  44  
48  29  40  7  83  28  65  45  
48  30  40  8  83  29  65  46  
48  31  40  9  83  30  65  47  
48  32  40  10  83  31  65  48  
48  33  40  11  83  32  65  49  
48  34  40  12  83  33  65  50  
48  35  40  13  83  34  65  51  
48  36  40  14  83  35  65  52  
48  37  40  15  83  36  65  53  
48  38  40  16  83  37  65  54  
48  39  40  17  83  38  65  55  
48  40  40  18  83  39  65  56  
48  41  40  19  83  40  65  57  
48  42  40  20  83  41  65  58  
48  43  40  21  83  42  65  59  
48  44  40  22  83  43  65  60  
48  45  40  23  83  44  65  61  
48  46  40  24  83  45  65  62  
48  47  40  25  83  46  65  63  
48  48  40  26  83  47  65  64  
48  49  40  27  83  48  65  65  
48  50  40  28  83  49  65  66  
48  51  40  29  83  50  65  67  
48  52  40  30  83  51  65  68  
48  53  40  31  83  52  65  69  
48  54  40  32  83  53  65  70  
48  55  40  33  83  54  65  71  
48  56  40  34  83  55  65  72  
48  57  40  35  83  56  65  73  
48  58  40  36  83  57  65  74  
48  59  40  37  83  58  65  75  
48  60  40  38  83  59  65  76  
48  61  40  39  83  60  65  77  
48  62  40  40  83  61  65  78  
48  63  40  41  83  62  65  79  
48  64  40  42  83  63  65  80  
48  65  40  43  83  64  65  81  
48  66  40  44  83  65  65  82  
48  67  40  45  83  66  65  83  
48  68  40  46  83  67  65  84  
48  69  40  47  83  68  65  85  
48  70  40  48  83  69  65  86  
48  71  40  49  83  70  65  87  
48  72  40  50  83  71  65  88  
48  73  40  51  83  72  65  89  
48  74  40  52  83  73  65  90  
48  75  40  53  83  74  65  91  
48  76  40  54  83  75  65  92  
48  77  40  55  83  76  65  93  
48  78  40  56  83  77  65  94  
48  79  40  57  83  78  65  95  
48  80  40  58  83  79  65  96  
48  81  40  59  83  80  65  97  
48  82  40  60  83  81  65  98  
48  83  40  61  83  82  65  99  
48  84  40  62  83  83  65  100  
48  85  40  63  83  84  65  1  
48  86  40  64  83  85  65  2  
48  87  40  65  83  86  65  3  
48  88  40  66  83  87  65  4  
48  89  40  67  83  88  65  5  
48  90  40  68  83  89  65  6  
48  91  40  69  83  90  65  7  
48  92  40  70  83  91  65  8  
48  93  40  71  83  92  65  9  
48  94  40  72  83  93  65  10  
48  95  40  73  83  94  65  11  
48  96  40  74  83  95  65  12  
48  97  40  75  83  96  65  13  
48  98  40  76  83  97  65  14  
48  99  40  77  83  98  65  15  
48  100  40  78  83  99  65  16  
48  1  40  79  82  99  65  17  
48  2  40  80  81  99  65  18  
48  3  40  81  80  99  65  19  
48  4  40  82  79  99  65  20  
48  5  40  83  78  99  65  21  
48  6  40  84  77  99  65  22  
48  7  40  85  76  99  65  23  
48  8  40  86  75  99  65  24  
48  9  40  87  74  99  65  25  
48  10  40  88  73  99  65  26  
48  11  40  89  72  99  65  27  
48  12  40  90  71  99  65  28  
48  13  40  91  70  99  65  29  
48  14  40  92  70  99  65  30  
48  15  40  93  69  99  65  31  
48  16  40  94  68  99  65  32  
48  17  40  95  67  99  65  33  
48  18  40  96  66  99  65  34  
48  19  40  97  65  99  65  35  
48  20  40  98  64  99  65  36  
48  21  40  99  63  99  65  37  
48  22  40  100  62  99  65  38  
48  23  40  1  61  99  65  39  
48  24  40  2  60  99  65  40  
48  25  40  3  59  99  65  41  
48  26  40  4  58  99  65  42  
48  27  40  5  57  99  65  43  
48  28  40  6  56  99  65  44  
48  29  40  7  56  100  65  45  
48  30  40  8  56  1  65  46  
48  31  40  9  55  1  65  47  
48  32  40  10  54  1  65  48  
48  33  40  11  53  1  65  49  
48  34  40  12  52  1  65  50  
48  35  40  13  51  1  65  51  
48  36  40  14  50  1  65  52  
48  37  40  15  49  1  65  53  
48  38  40  16  48  1  65  54  
48  39  40  17  47  1  65  55  
48  40  40  18  46  1  65  56  
48  41  40  19  45  1  65  57  
48  42  40  20  44  1  65  58  
48  43  40  21  43  1  65  59  
48  44  40  22  42  1  65  60  
48  45  40  23  41  1  65  61  
48  46  40  24  40  1  65  62  
48  47  40  25  39  1  65  63  
48  48  40  26  38  1  65  64  
48  49  40  27  37  1  65  65  
48  50  40  28  36  1  65  66  
48  51  40  29  35  1  65  67  
48  52  40  30  35  2  65  68  
48  53  40  31  35  3  65  69  
48  54  40  32  35  4  65  70  
48  55  40  33  35  5  65  71  
48  56  40  34  35  6  65  72  
48  57  40  35  35  7  65  73  
48  58  40  36  35  8  65  74  
48  59  40  37  35  9  65  75  
48  60  40  38  35  10  65  76  
48  61  40  39  35  11  65  77  
48  62  40  40  35  12  65  78  
48  63  40  41  35  13  65  79  
48  64  40  42  35  14  65  80  
48  65  40  43  35  15  65  81  


2  2 
48  61  61  19  78  72  19  10  
47  61  61  20  78  73  20  10  
46  61  61  21  78  74  21  10  
45  61  61  22  78  75  22  10  
44  61  61  23  78  76  23  10  
43  61  61  24  78  77  24  10  
42  61  61  25  78  78  25  10  
41  61  61  26  78  79  26  10  
41  62  61  27  78  80  27  10  
41  63  61  28  78  81  28  10  
41  64  61  29  78  82  29  10  
41  65  61  30  78  83  30  10  
41  66  61  31  78  84  31  10  
41  65  61  32  78  85  32  10  
41  66  61  33  78  86  33  10  
41  65  61  34  78  87  34  10  
41  66  61  35  78  88  35  10  
41  65  61  36  78  89  36  10  
41  66  61  37  78  90  37  10  
41  65  61  38  78  91  38  10  
41  66  61  39  78  92  39  10  
41  65  61  40  78  93  40  10  
41  66  61  41  78  94  41  10  
41  65  61  42  78  95  42  10  
41  66  61  43  78  96  43  10  
41  67  61  44  78  97  44  10  
41  68  61  45  78  98  45  10  
41  69  61  46  78  99  46  10  
41  70  61  47  78  100  47  10  
41  71  61  48  78  1  48  10  
41  72  61  49  77  1  49  10  
41  73  61  50  76  1  50  10  
41  74  61  51  75  1  51  10  
41  75  61  52  74  1  52  10  
41  76  61  53  73  1  53  10  
41  77  61  54  72  1  54  10  
41  78  61  55  71  1  55  10  
41  79  61  56  70  1  56  10  
41  80  61  57  69  1  57  10  
41  81  61  58  68  1  58  10  
41  82  61  59  67  1  59  10  
41  83  61  60  67  1  59  11  
41  84  61  61  66  1  59  12  
40  84  61  62  65  1  59  13  
39  84  61  63  64  1  59  14  
38  84  61  64  63  1  59  15  
37  84  61  65  62  1  59  16  
36  84  61  66  61  1  59  17  
35  84  61  67  60  1  59  18  
34  84  61  68  59  1  59  19  
33  84  61  69  58  1  59  20  
32  84  61  70  57  1  59  21  
31  84  61  71  56  1  59  22  
30  84  61  72  55  1  59  23  
29  84  62  72  54  1  59  24  
28  84  63  72  53  1  59  25  
27  84  64  72  52  1  59  26  
26  84  65  72  51  1  59  27  
25  84  66  72  50  1  59  28  
24  84  67  72  49  1  59  29  
23  84  68  72  48  1  59  30  
22  84  69  72  47  1  59  31  
21  84  70  72  46  1  59  32  
20  84  71  72  45  1  59  33  
19  84  71  73  44  1  59  34  
18  84  71  74  43  1  60  34  
17  84  71  75  42  1  61  34  
16  84  71  76  41  1  62  34  
15  84  71  77  40  1  63  34  
14  84  71  78  39  1  64  34  
13  84  71  79  38  1  64  34  
12  84  71  80  37  1  64  34  
11  84  71  81  36  1  64  34  
10  84  71  82  35  1  64  34  
11  84  71  83  34  1  64  34  
10  84  71  84  33  1  64  34  
11  84  71  85  32  1  64  34  
10  84  71  86  31  1  64  34  
9  84  71  87  30  1  64  34  
8  84  71  88  29  1  64  34  
7  84  71  89  28  1  64  34  
6  84  71  90  27  1  64  34  
5  84  71  91  26  1  64  34  
4  84  71  92  25  1  64  34  
3  84  71  93  24  1  64  34  
2  84  71  94  23  1  64  34  
1  84  71  95  22  1  64  34  
0  84  71  96  21  1  64  34  
99  84  71  97  20  1  65  34  
98  84  71  98  19  1  66  34  
97  84  71  99  18  1  67  34  
96  84  71  100  17  1  68  34  
95  84  71  1  16  1  69  34  
94  84  71  2  15  1  70  34  
93  84  71  3  14  1  71  34  
92  84  71  4  13  1  72  34  
91  84  71  5  12  1  73  34  
90  84  71  6  11  1  74  34  
89  84  71  7  10  1  74  34  
88  84  71  8  9  1  74  34  
87  84  71  9  8  1  74  34  
86  84  71  10  7  1  74  34  
85  84  71  11  6  1  74  34  
84  84  71  12  5  1  74  34  
83  84  71  13  4  1  74  34  
82  84  71  14  3  1  74  34  
81  84  71  15  2  1  74  34  
80  84  71  16  1  1  74  34  
79  84  71  17  0  1  74  34  
78  84  71  18  99  1  74  34  
77  84  71  19  98  1  74  34  
76  84  71  20  97  1  74  34  
75  84  71  21  96  1  74  34  
74  84  71  22  95  1  74  34  
73  84  71  23  94  1  74  34  
72  84  71  24  93  1  74  34  
71  84  71  25  92  1  74  34  
70  84  71  26  91  1  74  34  
69  84  71  27  90  1  74  34  
68  84  71  28  89  1  74  34  
67  84  71  29  88  1  74  34  
66  84  71  30  87  1  74  34  
65  84  71  31  86  1  74  34  
64  84  71  32  85  1  74  34  
63  84  71  33  84  1  74  34  
62  84  71  34  83  1  74  34  
61  84  71  35  82  1  74  34  
60  84  71  36  81  1  74  34  
59  84  71  37  80  1  74  34  
58  84  71  38  79  1  75  34  
57  84  71  39  78  1  76  34  
56  84  71  40  77  1  77  34  
55  84  71  41  76  1  78  34  
54  84  71  42  75  1  79  34  
53  84  71  43  74  1  80  34  
52  84  71  44  73  1  81  34  
51  84  71  45  72  1  82  34  
50  84  71  46  71  1  83  34  
49  84  71  47  70  1  84  34  
48  84  71  48  69  1  85  34  
47  84  71  49  68  1  85  35  
46  84  71  50  67  1  86  35  
45  84  71  51  66  1  87  35  
44  84  71  52  65  1  88  35  
43  84  71  53  64  1  89  35  
42  84  71  54  63  1  90  35  
41  84  71  55  62  1  91  35  
40  84  71  56  61  1  91  35  
39  84  71  57  60  1  91  35  
38  84  71  58  59  1  91  35  
37  84  71  59  58  1  91  35  
36  84  71  60  57  1  91  35  
35  84  71  61  56  1  91  35  
34  84  71  62  55  1  91  35  
33  84  71  63  54  1  91  35  
32  84  71  64  53  1  91  35  
31  84  71  65  52  1  91  35  
30  84  71  66  51  1  91  35  
29  84  71  67  50  1  91  35  
28  84  72  67  49  1  91  35  
27  84  73  67  48  1  91  35  
26  84  74  67  47  1  91  35  
25  84  75  67  46  1  91  35  
24  84  75  68  45  1  91  35  
23  84  75  69  44  1  91  35  
22  84  75  70  43  1  91  35  
21  84  75  71  42  1  91  35  
20  84  75  72  41  1  91  35  
19  84  75  73  40  1  91  35  
18  84  75  74  39  1  91  35  
17  84  75  75  38  1  91  35  
16  84  75  76  37  1  91  35  
15  84  75  77  36  1  91  35  
14  84  75  78  35  1  91  35  
13  84  75  79  34  1  91  35  
12  84  75  80  33  1  91  35  
11  84  75  81  32  1  91  35  
10  84  75  82  31  1  91  35  
11  84  75  83  30  1  91  35  
10  84  75  84  29  1  91  35  
11  84  75  85  28  1  91  35  
11  83  75  86  27  1  91  35  
11  82  75  87  26  1  91  35  
11  81  75  88  25  1  91  35  
11  80  75  89  24  1  91  35  
11  79  75  90  23  1  91  35  
11  78  75  91  22  1  91  35  
11  77  75  92  21  1  91  35  
11  76  75  93  20  1  91  35  
11  75  75  94  19  1  91  35  
11  74  75  95  19  2  91  35  
11  73  75  96  19  3  91  35  
11  72  75  97  19  4  91  35  
11  71  75  98  19  5  91  35  
11  70  75  99  19  6  91  35  
11  69  75  100  19  6  91  35  
11  68  75  1  18  6  91  35  
11  67  75  2  17  6  91  35  
11  66  75  3  16  6  91  35  
11  65  75  4  15  6  91  35  
11  64  75  5  14  6  91  35  
11  63  75  6  13  6  91  35  
11  62  75  7  12  6  91  35  
11  61  75  8  11  6  91  35  
11  60  75  9  10  6  91  35  
11  61  75  10  9  6  91  35  
11  62  75  11  8  6  91  35  
11  61  75  12  7  6  91  35  
11  62  75  13  6  6  91  35  
11  63  75  14  5  6  91  35  
11  64  75  15  4  6  91  35  
11  63  75  16  3  6  91  35  
11  64  75  17  2  6  91  35  
11  65  75  18  2  7  91  35  
11  66  75  19  2  8  91  35  
11  65  75  20  1  8  91  35  
11  66  75  21  1  9  91  35  
11  67  75  22  1  10  91  35  
11  68  75  23  1  11  91  35  
11  67  75  24  1  12  91  35  
11  68  75  25  1  13  91  35  
11  69  75  26  1  14  91  35  
11  70  75  27  1  15  91  35  
11  69  75  28  1  15  91  35  
11  70  75  29  1  16  91  35  
11  71  75  30  1  17  91  35  
11  70  75  31  0  17  91  35  
11  71  75  32  0  18  91  35  
11  72  75  33  0  19  91  35  
11  73  75  34  0  20  91  35  
11  72  75  35  0  21  91  35  
11  73  75  36  0  22  91  35  
11  74  75  37  0  23  91  35  
11  75  75  38  0  24  91  35  
11  74  75  39  99  24  91  35  
11  75  75  40  98  24  91  35  
11  76  75  41  97  24  91  35  
11  77  75  42  96  24  91  35  
11  76  75  43  95  24  91  35  
11  77  75  44  94  24  91  35  
11  78  75  45  93  24  91  35  
11  79  75  46  92  24  91  35  
11  78  75  47  91  24  91  35  
11  79  75  48  90  24  91  35  
11  80  75  49  89  24  91  35  
11  81  75  50  88  24  91  35  
11  80  75  51  87  24  91  35  
12  80  75  52  86  24  91  35  
13  80  75  53  85  24  91  35  
14  80  75  54  84  24  91  35  
15  80  75  55  83  24  91  35  
16  80  75  56  82  24  91  35  
17  80  75  57  81  24  91  35  
18  80  75  58  80  24  91  35  
19  80  75  59  79  24  91  35  
20  80  75  60  78  24  91  35  
21  80  75  61  77  24  91  35  
22  80  75  62  76  24  91  35  
23  80  75  63  75  24  91  35  
24  80  75  64  74  24  91  35  
25  80  76  64  73  24  91  35  
26  80  77  64  72  24  91  35  
27  80  78  64  71  24  91  35  
28  80  79  64  70  24  91  35  
29  80  80  64  69  24  91  35  
30  80  81  64  68  24  91  35  
31  80  82  64  67  24  91  35  
32  80  83  64  66  24  91  35  
33  80  84  64  65  24  91  35  
34  80  85  64  64  24  91  35  
35  80  86  64  63  24  91  35  
36  80  87  64  62  24  91  35  
37  80  88  64  61  24  91  35  
38  80  89  64  60  24  91  35  
39  80  90  64  59  24  91  35  
39  79  90  65  58  24  91  35  
40  79  91  65  57  24  91  35  
40  78  91  66  56  24  91  35  
41  78  92  66  55  24  91  36  
41  77  92  67  55  25  91  37  
42  77  93  67  55  26  91  38  
43  77  94  67  55  27  91  39  
44  77  95  67  54  27  91  40  
45  77  96  67  53  27  91  41  
45  78  96  68  52  27  91  42  
45  77  96  69  51  27  91  43  
45  78  96  70  50  27  91  44  
45  77  96  71  49  27  91  45  
45  78  96  72  48  27  91  46  
45  77  96  73  47  27  91  47  
45  78  96  74  46  27  91  48  
45  77  96  75  45  27  91  49  
45  78  96  76  44  27  91  50  
45  77  96  77  43  27  91  51  
46  77  96  78  42  27  91  52  
45  77  96  79  41  27  91  53  
46  77  96  80  40  27  91  54  
45  77  96  81  39  27  91  55  
46  77  96  82  38  27  91  56  
45  77  96  83  37  27  91  57  


2  3 