1 318
2 596.2
3 418
4 657.6
5 516
6 434
7 466
8 248
9 420
10 252
11 558
12 644
13 700
14 517.4
15 758
16 575.6
17 862
18 902
19 738
20 576
21 684
22 730
23 750
24 688
25 386
26 525.4
27 540
28 262
29 574
30 550
31 483.8
32 482
33 761.6
34 924
35 842
36 498
37 578
38 754
39 342
40 520
41 616
42 637.8
43 660
44 842
45 693.6
46 564
47 878
48 852
49 800
50 828
51 574
52 657.6
53 652
54 730
55 894
56 904
57 701.6
58 672
59 914
60 672
61 790
62 734
63 750
64 570
65 590
66 472
67 862
68 408
69 646
70 608
71 646.2
72 948
73 733.6
74 716
75 902
76 842
77 794
78 708
79 712
80 872
81 884
82 750
83 920
84 878
85 768
86 732
87 886
88 772
89 828
90 728
91 922
92 896
93 860
94 842
95 830
96 862
97 824
98 675.8
99 727.8
100 780
