1 -7786.61
2 -7423.11
3 -6866.63
4 -6722.18
5 -3891.18
6 -4336.52
7 -5345.9
8 -4612.57
9 -4555.02
10 -4782.97
11 -3614.58
12 -3899.51
13 -2542.75
14 -3658.67
15 -3469.18
16 -2950.39
17 -3336.96
18 -4297.28
19 -4487.91
20 -3798.25
21 -3912.67
22 -3369.15
23 -2858.03
24 -3060.41
25 -3203.56
26 -2730.77
27 -1722.15
28 -3077.87
29 -3786.11
30 -2146.85
31 -2301.36
32 -2861.42
33 -2731.08
34 -2681.12
35 -2526.47
36 -2864.93
37 -1750.03
38 -1018.49
39 -2240.9
40 -1870.88
41 -1378.69
42 -2035.63
43 -2081
44 -2169.39
45 -3169.81
46 -2212.31
47 -1667.9
48 -2247
49 -1908.48
50 -2206.24
51 -1374.81
52 -1166.58
53 -1984.06
54 -1331.96
55 -1078.46
56 -1520.49
57 -1557.76
58 -1319.01
59 -2322.98
60 -1518.39
61 -2327.44
62 -3312.52
63 -2856.61
64 -1629.6
65 -2004.93
66 -2291.19
67 -2323.95
68 -2877.47
69 -2408.93
70 -2546.15
71 -3285.03
72 -2642.65
73 -2881.37
74 -2758.14
75 -2830.25
76 -2834.64
77 -2626.32
78 -1828.88
79 -1896.32
80 -1894.04
81 -1025.7
82 -1752.71
83 -1286.55
84 -1925.44
85 -2387.67
86 -2740.1
87 -2593.78
88 -1583.31
89 -1871.28
90 -1926.51
91 -2354.94
92 -1542.37
93 -1035.92
94 -844.949
95 -1777.08
96 -466.923
97 -1524.9
98 -1894.78
99 -1126.03
100 -1592.27
