1 7 7 6 8 5
1 6 6 6 8 5
2 6 6 6 8 5
3 6 6 6 8 5
4 6 7 6 7 5
5 6 8 6 6 5
6 6 9 6 5 5
7 6 0 6 5 5
7 5 0 6 6 5
8 5 1 6 7 5
9 5 2 6 8 5
0 5 3 6 9 5
1 5 4 6 9 5
2 5 5 6 0 5
3 5 6 6 1 5
4 5 7 6 1 5
4 4 8 6 2 5
5 4 9 6 2 5
6 4 0 6 3 5
7 4 1 6 4 5
8 4 2 6 5 5
9 4 3 6 6 5
0 4 4 6 6 5
1 4 5 6 7 5
2 4 6 6 7 5
3 4 6 6 7 5
4 4 7 6 6 5
5 4 8 6 5 5
6 4 9 6 5 5
7 4 0 6 5 4
7 3 1 6 6 4
8 3 2 6 6 3
9 3 2 6 7 3
9 2 2 7 8 3
9 1 2 8 8 2
0 1 3 8 8 2
1 1 4 8 9 2
2 1 5 8 0 2
3 1 6 8 1 2
4 1 7 8 2 2
5 1 8 8 2 2
6 1 9 8 3 2
7 1 0 8 4 2
8 1 1 8 5 2
9 1 2 8 6 2
0 1 3 8 7 2
1 1 4 8 7 2
2 1 5 8 8 2
3 1 6 8 8 2
4 1 7 8 7 2
5 1 8 8 6 2
6 1 8 8 6 1
