0 2 1 8 8 4
0 3 1 8 8 3
0 4 1 9 9 3
0 5 1 9 9 4
0 6 1 0 9 5
0 7 1 1 9 5
0 8 1 2 9 6
0 9 1 3 9 7
0 0 1 4 9 8
0 1 1 5 9 9
0 2 1 6 9 0
0 3 1 7 9 0
0 4 1 8 9 1
0 5 1 8 9 1
1 5 1 9 9 1
1 6 1 0 9 1
2 6 1 1 9 2
3 6 1 0 9 2
3 7 1 1 9 3
3 8 1 2 9 3
3 9 1 3 9 4
3 0 1 3 9 5
3 1 1 4 9 5
3 2 1 5 9 4
3 3 1 6 9 4
3 4 1 6 0 4
3 5 1 7 1 4
3 6 1 7 2 4
3 7 0 7 2 5
3 8 9 7 2 5
3 9 8 7 2 6
4 9 9 7 2 6
5 9 0 7 2 7
5 0 9 7 3 7
6 0 0 7 3 7
7 0 0 7 3 7
8 0 0 7 3 7
9 0 0 7 4 7
0 0 0 7 5 7
0 1 0 6 4 7
0 2 0 6 3 7
0 3 0 7 3 6
0 4 0 8 3 5
0 5 0 9 2 5
0 6 0 0 1 5
0 7 0 1 1 5
0 8 0 2 1 6
0 9 0 3 1 7
0 0 0 3 1 8
0 1 0 3 1 8
0 2 0 4 1 9
0 3 0 5 1 0
0 4 0 6 1 0
0 5 0 7 1 1
0 6 0 8 1 2
0 7 0 9 1 3
0 8 0 0 1 4
0 9 0 1 1 4
0 0 0 2 1 5
0 1 0 3 1 4
0 2 0 4 1 3
0 3 0 5 1 3
0 4 0 6 0 3
0 5 0 7 0 4
0 6 0 8 0 5
0 7 0 9 0 5
0 8 0 9 0 6
0 9 0 0 0 7
0 0 0 0 0 8
