1 9 8 2 6 1
1 0 8 3 6 1
1 1 8 4 6 1
1 2 8 4 5 1
1 3 7 4 4 1
1 4 6 4 3 1
2 4 7 4 3 2
3 4 8 4 3 3
4 4 8 4 3 4
5 4 9 4 4 4
6 4 0 4 5 4
7 4 1 4 6 4
8 4 2 4 7 4
9 4 2 4 8 4
9 5 3 4 9 4
0 5 4 4 9 5
1 5 4 4 0 5
1 6 5 4 1 5
2 6 6 4 1 6
3 6 6 4 2 6
3 7 6 4 3 6
3 8 7 4 3 7
4 8 7 4 3 7
5 8 7 4 3 7
5 9 7 3 3 7
5 0 7 4 3 8
5 1 7 5 3 8
6 1 7 6 3 9
6 2 7 7 4 9
6 3 7 8 4 0
6 4 7 9 4 1
6 5 7 0 4 2
7 5 7 0 4 3
7 6 7 0 5 3
7 7 7 1 5 4
7 8 7 1 5 5
7 9 7 2 5 6
7 0 7 3 5 7
7 1 7 3 5 8
7 2 7 4 5 9
7 3 7 5 5 0
7 4 7 6 5 0
7 5 7 6 5 1
7 6 7 7 5 2
7 7 7 7 5 2
