6 5 5 9 7 6
6 6 5 0 7 5
6 7 5 1 6 5
6 8 5 1 6 6
6 9 5 2 6 7
6 0 5 3 6 8
6 1 5 4 6 9
6 2 5 5 6 9
6 3 5 6 6 0
6 4 5 6 6 1
6 5 5 7 6 2
6 6 5 7 6 3
6 7 5 8 6 4
6 8 5 9 6 5
6 9 5 0 6 6
6 0 5 1 6 6
6 1 5 2 6 6
6 2 5 3 6 5
6 3 5 4 6 4
6 4 5 5 6 3
6 5 5 5 6 4
6 6 4 5 6 5
6 7 3 5 6 6
6 8 2 5 6 7
6 9 1 5 6 8
6 0 0 5 6 9
7 0 0 6 6 0
8 0 0 5 6 0
8 1 0 6 7 0
8 2 0 7 7 1
8 3 0 8 7 2
8 4 0 9 7 3
8 5 0 0 7 4
8 6 0 9 7 5
9 6 0 0 7 6
9 7 0 1 8 6
9 8 0 2 8 7
9 9 0 3 8 8
9 0 0 4 8 9
9 1 0 5 8 0
9 2 0 5 8 1
9 3 0 6 8 2
9 4 0 7 8 3
9 5 0 8 8 4
9 6 0 9 8 5
9 7 0 0 8 6
9 8 0 1 8 6
0 8 0 2 8 7
0 9 0 3 9 7
0 0 0 4 9 7
0 1 0 4 9 8
0 2 0 5 9 9
0 3 0 6 9 0
0 4 0 7 9 1
0 5 0 8 9 1
0 6 0 9 9 2
0 7 0 9 9 2
0 8 0 0 9 2
0 9 0 0 9 1
0 0 0 1 9 1
0 1 0 1 9 0
