3 7 5 9 2 7
3 8 5 0 3 7
3 9 5 1 3 7
3 0 5 2 3 8
3 1 5 3 3 9
3 2 5 4 3 0
3 3 5 5 3 1
3 4 5 6 3 2
3 5 5 7 3 3
3 6 5 8 3 4
3 7 5 8 3 4
4 7 6 8 3 5
5 7 7 8 3 6
6 7 8 8 4 6
7 7 9 8 5 6
8 7 0 8 6 6
9 7 1 8 7 6
0 7 2 8 8 6
1 7 2 8 9 6
2 7 2 8 0 6
3 7 2 9 1 6
3 8 2 0 2 6
3 9 2 1 2 7
3 0 2 2 2 8
3 1 2 3 2 9
3 2 2 4 2 0
3 3 2 5 2 1
3 4 2 5 2 2
4 4 2 6 2 3
4 5 2 7 2 3
4 6 2 8 2 4
4 7 2 9 2 5
4 8 2 0 2 6
4 9 2 0 2 7
5 9 1 0 2 8
5 0 0 0 3 8
6 0 9 0 3 9
7 0 9 0 4 9
8 0 0 0 5 9
9 0 0 0 5 9
0 0 1 0 6 9
1 0 2 0 7 9
2 0 3 0 8 9
3 0 4 0 9 9
4 0 5 0 9 9
5 0 5 0 9 9
