3 0 1 6 8 0
3 1 1 5 7 0
3 2 1 6 7 0
3 3 1 6 6 0
3 4 1 7 5 0
3 5 1 8 5 1
3 6 1 9 5 2
3 7 1 9 5 3
3 8 1 9 5 4
3 9 0 9 5 5
3 0 9 9 5 6
3 1 8 9 5 6
4 1 9 9 5 5
5 1 0 9 5 4
5 2 9 9 5 3
6 2 9 9 5 2
7 2 0 9 6 2
8 2 1 9 7 2
9 2 2 9 8 2
0 2 3 9 9 2
1 2 4 9 9 2
2 2 5 9 0 2
3 2 6 9 1 2
4 2 7 9 2 2
5 2 8 9 3 2
6 2 9 9 4 2
7 2 0 9 5 2
8 2 1 9 6 2
9 2 2 9 6 2
0 2 3 9 7 2
1 2 3 9 8 2
1 3 3 8 9 2
2 3 3 9 9 2
2 4 3 8 0 2
2 5 3 8 0 3
2 6 3 9 0 4
2 7 3 0 0 5
2 8 3 0 0 6
2 9 3 0 0 7
2 0 3 1 0 8
2 1 3 2 0 8
2 2 3 3 0 9
2 3 3 4 0 9
2 4 3 5 0 0
2 5 3 6 0 1
2 6 3 7 0 2
2 7 3 8 0 2
2 8 3 9 0 3
2 9 3 0 0 4
2 0 3 1 0 5
3 0 3 2 0 5
3 1 3 3 0 4
3 2 3 3 0 3
3 3 3 3 1 3
