1 4 8 2 9 5
1 5 7 2 0 5
1 6 6 2 1 5
1 7 7 2 1 6
1 8 7 1 1 7
1 9 6 1 1 8
2 9 7 1 1 9
3 9 7 1 2 9
3 0 7 1 2 9
3 1 7 1 2 0
4 1 8 1 2 1
5 1 8 1 3 1
5 2 9 1 3 1
5 3 0 1 4 1
5 4 9 1 4 2
6 4 0 1 4 3
7 4 1 1 5 3
8 4 2 1 5 3
9 4 2 1 5 3
9 5 3 1 6 3
0 5 3 1 7 3
1 5 3 0 7 3
2 5 3 9 8 3
2 6 3 0 8 3
2 7 3 1 9 3
2 8 3 2 9 4
2 9 3 3 9 5
2 0 3 4 9 6
2 1 3 5 9 7
2 2 3 6 9 8
2 3 3 7 9 8
2 4 3 8 9 8
2 5 3 9 9 7
2 6 3 0 0 7
2 7 3 1 0 7
2 8 3 2 1 7
2 9 3 3 1 8
2 0 3 4 1 9
2 1 3 5 1 0
2 2 3 6 1 1
2 3 3 7 1 1
2 4 3 8 1 2
2 5 3 8 1 3
2 6 3 9 1 4
2 7 3 0 1 5
2 8 3 1 1 6
2 9 3 2 1 7
2 0 3 3 1 8
2 1 3 4 1 9
2 2 3 5 1 0
2 3 3 5 1 1
3 3 3 6 1 2
3 4 3 7 2 2
3 5 3 8 2 3
3 6 3 9 2 4
3 7 3 0 2 5
3 8 3 1 2 6
3 9 3 2 2 7
3 0 3 2 2 7
3 1 3 3 2 8
3 2 3 4 2 9
3 3 3 5 2 0
3 4 3 5 2 1
3 5 3 6 2 2
3 6 3 6 2 3
