8 8 7 1 0 5
8 9 7 2 0 6
8 0 7 3 0 7
8 1 7 4 0 8
8 2 7 5 0 9
8 3 7 6 0 0
8 4 7 7 0 1
8 5 7 8 0 2
8 6 7 9 0 3
8 7 7 0 0 4
8 8 7 0 0 5
8 9 7 1 0 6
8 0 7 2 0 7
8 1 7 3 0 7
8 2 7 3 0 7
8 3 7 3 0 6
8 4 6 3 0 6
8 5 5 3 0 5
8 6 4 3 9 5
8 7 3 3 8 5
8 8 2 3 8 6
9 8 2 2 8 7
0 8 2 3 8 8
1 8 2 3 9 8
1 9 2 2 9 8
1 0 2 3 0 8
1 1 2 4 0 9
1 2 2 5 0 0
1 3 2 6 0 1
1 4 2 7 0 1
2 4 2 8 0 2
2 5 2 9 0 2
2 6 2 9 0 3
2 7 2 0 0 4
2 8 2 0 0 5
2 9 2 1 0 6
2 0 2 2 0 7
2 1 2 3 0 8
2 2 2 4 0 9
2 3 2 5 0 0
2 4 2 6 0 0
2 5 2 7 0 0
2 6 2 8 0 1
2 7 2 9 0 2
2 8 2 0 0 3
2 9 2 1 0 3
2 0 2 2 0 2
2 1 2 2 0 1
2 2 2 3 1 1
2 3 2 3 1 2
