7 0 6 2 8 1
7 1 6 3 8 1
7 2 6 4 7 1
7 3 6 5 7 2
7 4 6 6 7 2
7 5 6 7 7 3
7 6 6 7 7 4
8 6 6 8 7 5
8 7 6 9 7 6
8 8 6 9 7 7
8 9 6 9 7 8
9 9 5 9 7 9
9 0 4 9 7 9
0 0 3 9 8 9
1 0 4 9 9 9
2 0 5 9 0 9
3 0 6 9 1 9
4 0 6 9 1 9
5 0 7 9 1 9
6 0 8 9 1 9
7 0 8 9 1 9
8 0 9 9 0 9
9 0 0 9 0 9
0 0 0 9 9 9
1 0 0 9 9 0
2 0 0 8 9 0
3 0 0 7 0 0
4 0 0 7 1 0
5 0 9 7 2 0
6 0 0 7 3 0
7 0 1 7 4 0
8 0 1 7 4 0
9 0 2 7 5 0
0 0 3 7 6 0
1 0 3 7 7 0
2 0 3 6 8 0
3 0 3 5 9 0
3 1 3 5 0 0
3 2 3 6 1 0
3 3 3 7 1 1
3 4 3 8 1 2
3 5 3 9 1 3
3 6 3 0 1 4
3 7 3 1 1 5
3 8 3 2 1 6
3 9 3 2 1 6
3 0 3 3 1 7
3 1 3 4 1 8
3 2 3 5 1 9
3 3 3 6 1 0
3 4 3 7 1 0
4 4 3 8 1 1
4 5 3 8 1 2
4 6 3 9 1 3
4 7 3 0 1 3
5 7 3 1 1 3
5 8 3 2 1 4
5 9 3 3 1 5
5 0 3 4 1 5
5 1 3 5 1 4
5 2 3 6 2 4
5 3 3 7 3 4
5 4 3 8 4 4
5 5 3 9 5 4
5 6 3 0 5 4
5 7 3 1 5 4
5 8 3 2 5 5
5 9 3 3 5 6
5 0 3 4 5 7
5 1 3 5 5 8
5 2 3 6 5 9
5 3 3 7 5 9
5 4 3 8 5 0
5 5 3 9 5 0
5 6 3 0 5 1
5 7 3 1 5 1
5 8 3 1 5 0
5 9 3 1 5 9
