4 7 2 5 8 3
4 8 2 4 7 3
4 9 2 3 7 4
4 0 2 4 7 5
4 1 2 4 7 4
4 2 2 5 7 3
4 3 2 5 6 3
4 4 2 6 6 3
4 5 2 7 5 3
4 6 2 7 5 3
4 7 1 7 5 4
4 8 0 7 5 5
4 9 9 7 5 5
5 9 0 7 5 6
5 0 0 7 5 7
5 1 9 7 5 8
6 1 0 7 5 9
7 1 1 7 5 0
8 1 2 7 6 0
9 1 2 7 7 0
9 2 2 6 8 0
0 2 2 7 8 1
0 3 2 8 9 1
0 4 2 9 9 2
0 5 2 0 9 2
0 6 2 9 9 2
0 7 2 0 9 3
0 8 2 1 9 4
0 9 2 1 9 5
1 9 2 2 9 5
1 0 2 3 9 6
1 1 2 4 9 7
1 2 2 5 9 7
1 3 2 6 9 6
1 4 2 7 9 5
1 5 2 8 0 5
1 6 2 9 1 5
1 7 2 0 1 6
1 8 2 1 1 7
1 9 2 2 1 8
1 0 2 3 1 9
1 1 2 4 1 0
1 2 2 5 1 1
1 3 2 6 1 2
1 4 2 7 1 3
1 5 2 8 1 4
1 6 2 9 1 5
1 7 2 0 1 6
1 8 2 1 1 7
1 9 2 2 1 8
1 0 2 2 1 9
1 1 2 3 1 0
1 2 2 3 1 1
2 2 2 4 1 2
2 3 2 5 2 2
2 4 2 6 2 2
2 5 2 7 2 2
2 6 2 7 2 3
2 7 2 8 2 4
2 8 2 9 2 5
2 9 2 0 2 6
2 0 2 1 2 7
2 1 2 2 2 7
2 2 2 3 2 8
2 3 2 4 2 8
2 4 2 5 2 7
2 5 2 6 2 6
2 6 2 7 2 5
2 7 2 8 2 6
2 8 2 9 2 7
2 9 2 0 2 7
2 0 2 1 2 8
2 1 2 2 2 8
2 2 2 3 2 9
2 3 2 4 2 0
2 4 2 5 2 0
2 5 2 6 2 1
2 6 2 7 2 2
2 7 2 7 2 2
