4 1 0 8 5 2
5 1 9 8 5 2
6 1 0 8 5 1
7 1 1 8 5 1
8 1 2 8 6 1
9 1 2 8 7 1
0 1 3 8 8 1
1 1 4 8 9 1
2 1 5 8 0 1
3 1 6 8 1 1
4 1 7 8 2 1
5 1 8 8 3 1
6 1 9 8 4 1
7 1 0 8 5 1
8 1 1 8 6 1
9 1 2 8 7 1
0 1 2 8 8 1
1 1 2 8 8 1
2 1 2 8 9 1
3 1 2 8 0 1
4 1 2 7 0 1
5 1 2 7 1 1
6 1 2 7 2 1
7 1 2 6 3 1
7 2 2 7 4 1
7 3 2 8 5 1
7 4 2 9 5 2
7 5 2 0 5 3
8 5 2 9 5 4
8 6 2 0 5 4
8 7 2 0 6 4
8 8 3 0 6 4
8 9 2 0 6 5
8 0 3 0 6 6
9 0 3 0 6 6
0 0 4 0 6 7
1 0 4 0 7 7
2 0 5 0 8 7
3 0 6 0 9 7
4 0 7 0 0 7
5 0 8 0 1 7
6 0 9 0 2 7
7 0 0 0 3 7
8 0 1 0 4 7
9 0 1 0 5 7
0 0 2 0 6 7
1 0 3 0 7 7
2 0 4 0 8 7
3 0 5 0 9 7
4 0 6 0 0 7
5 0 7 0 1 7
6 0 8 0 2 7
7 0 9 0 3 7
8 0 0 0 4 7
9 0 1 0 5 7
0 0 2 0 6 7
1 0 3 0 7 7
2 0 4 0 8 7
3 0 5 0 9 7
4 0 5 0 0 7
5 0 5 0 1 7
