1 6 6 1 8 0
1 7 6 1 8 9
2 7 7 1 9 9
3 7 8 1 0 9
4 7 9 1 0 9
5 7 0 1 1 9
5 8 0 1 2 9
5 9 9 1 2 9
6 9 0 1 3 9
7 9 1 1 4 9
8 9 2 1 5 9
9 9 3 1 6 9
0 9 4 1 7 9
1 9 5 1 8 9
2 9 6 1 8 9
3 9 6 1 9 9
4 9 6 1 0 9
4 0 6 2 0 9
5 0 6 3 0 9
5 1 6 4 1 9
5 2 6 5 1 9
5 3 6 6 2 9
5 4 6 7 2 0
5 5 6 8 2 1
5 6 6 9 2 2
5 7 6 0 2 3
5 8 6 0 2 4
5 9 6 1 2 5
5 0 6 2 2 6
5 1 6 3 2 7
5 2 6 4 2 8
5 3 6 4 2 9
5 4 6 5 2 9
5 5 6 6 2 8
5 6 6 7 2 7
5 7 6 8 3 7
5 8 6 9 4 7
5 9 6 0 4 8
5 0 6 0 4 8
5 1 7 0 4 9
6 1 8 0 4 0
7 1 8 0 4 0
7 2 8 0 5 0
7 3 8 0 5 1
7 4 8 9 5 2
8 4 8 0 5 3
8 5 8 9 6 3
8 6 8 0 6 4
8 7 8 1 6 5
8 8 8 2 6 6
8 9 8 3 6 7
8 0 8 4 6 8
8 1 8 5 6 9
8 2 8 6 6 9
8 3 8 6 6 0
8 4 8 6 6 1
8 5 8 7 6 1
8 6 8 8 6 2
8 7 8 8 6 2
8 8 8 9 6 3
8 9 8 0 6 4
8 0 8 1 6 4
8 1 8 2 6 3
8 2 8 3 6 2
8 3 8 4 7 2
8 4 8 5 7 3
8 5 8 6 7 4
8 6 8 7 7 5
8 7 8 8 7 5
8 8 8 9 7 6
8 9 8 0 7 7
8 0 8 1 7 7
8 1 8 2 7 8
8 2 8 3 7 9
8 3 8 4 7 0
8 4 8 5 7 0
8 5 8 6 7 1
8 6 8 7 7 2
8 7 8 7 7 3
