9 6 4 7 7 1
9 7 4 7 7 2
9 8 4 7 7 3
9 9 3 7 7 3
0 9 3 7 7 2
1 9 4 7 7 1
2 9 4 7 8 1
3 9 4 7 9 1
4 9 4 6 9 1
5 9 4 5 8 1
6 9 4 4 7 1
7 9 4 3 7 0
8 9 4 4 7 9
9 9 4 3 7 9
9 0 3 3 7 9
9 1 4 3 8 9
9 2 3 3 8 0
0 2 4 3 8 1
1 2 5 3 9 1
2 2 5 3 0 1
3 2 6 3 1 1
4 2 7 3 2 1
5 2 8 3 3 1
6 2 9 3 3 1
7 2 0 3 4 1
8 2 1 3 5 1
9 2 1 3 6 1
0 2 2 3 7 1
1 2 3 3 8 1
2 2 4 3 9 1
3 2 5 3 0 1
4 2 5 3 1 1
4 3 5 4 1 1
4 4 5 4 2 1
5 4 6 4 2 2
6 4 7 4 3 2
7 4 8 4 4 2
8 4 9 4 5 2
9 4 0 4 5 2
0 4 1 4 6 2
1 4 2 4 7 2
2 4 3 4 8 2
3 4 3 4 9 2
