9 4 5 3 0 4
9 5 5 3 9 4
9 6 4 3 9 4
9 7 3 3 9 5
0 7 3 3 9 6
1 7 3 2 9 6
2 7 3 2 9 6
3 7 3 2 0 6
4 7 3 1 0 6
4 8 3 2 1 6
4 9 3 2 2 6
4 0 3 3 2 6
4 1 3 4 2 6
4 2 3 5 2 5
4 3 3 6 2 4
4 4 3 7 3 4
4 5 3 8 4 4
4 6 3 9 4 4
4 7 3 0 4 5
4 8 3 1 4 5
4 9 3 2 4 6
4 0 3 3 4 7
4 1 3 4 4 8
4 2 3 5 4 8
4 3 3 6 4 9
4 4 3 7 4 0
4 5 3 8 4 1
4 6 3 9 4 2
4 7 3 9 4 3
4 8 3 0 4 4
4 9 3 1 4 5
4 0 3 2 4 6
4 1 3 3 4 6
4 2 3 4 4 5
4 3 3 5 4 4
4 4 3 6 4 3
4 5 3 7 4 4
4 6 3 8 4 5
4 7 3 8 4 6
4 8 3 9 4 7
4 9 3 9 4 8
4 0 2 9 4 9
4 1 1 9 4 0
4 2 0 9 4 1
4 3 0 9 4 2
4 4 0 9 4 3
4 5 0 0 4 4
4 6 0 9 4 5
4 7 9 9 4 6
5 7 0 9 4 7
5 8 0 9 5 7
5 9 9 9 5 8
6 9 0 9 5 9
7 9 1 9 6 9
8 9 2 9 6 9
9 9 3 9 7 9
0 9 4 9 8 9
1 9 5 9 8 9
2 9 6 9 9 9
3 9 7 9 9 9
4 9 8 9 0 9
5 9 9 9 1 9
6 9 9 9 2 9
7 9 0 9 3 9
8 9 1 9 3 9
9 9 2 9 4 9
0 9 3 9 5 9
1 9 4 9 4 9
2 9 4 9 3 9
3 9 5 9 3 9
