4 4 7 0 6 9
5 4 7 9 6 9
6 4 7 0 6 8
7 4 7 9 6 8
8 4 7 0 6 7
8 5 7 9 6 7
8 6 7 9 6 6
8 7 7 0 7 6
8 8 7 0 7 7
8 9 7 1 7 7
8 0 7 2 7 8
8 1 7 3 7 9
8 2 7 4 7 0
8 3 7 5 7 1
8 4 7 6 7 2
8 5 7 7 7 3
8 6 7 8 7 3
8 7 7 9 7 4
8 8 7 9 7 4
8 9 7 0 7 5
8 0 7 1 7 6
8 1 7 2 7 7
8 2 7 3 7 8
8 3 7 3 7 8
8 4 6 3 7 7
8 5 5 3 7 6
8 6 4 3 7 5
8 7 3 3 7 6
8 8 2 3 7 7
9 8 2 2 7 8
0 8 2 3 8 8
1 8 2 3 9 8
2 8 2 2 0 8
2 9 2 3 1 8
2 0 2 4 1 9
2 1 2 5 1 0
2 2 2 6 1 1
2 3 2 7 1 1
2 4 2 7 1 2
2 5 2 8 1 3
2 6 2 8 1 4
2 7 2 9 1 4
2 8 2 0 1 5
2 9 2 1 1 6
2 0 2 2 1 7
2 1 2 3 1 7
2 2 2 4 1 8
2 3 2 5 1 9
2 4 2 6 1 0
2 5 2 7 1 1
2 6 2 8 1 1
2 7 2 9 1 1
2 8 2 0 1 0
2 9 2 1 1 9
2 0 2 2 1 9
2 1 2 3 1 0
2 2 2 3 1 1
2 3 2 3 1 1
