2 3 6 9 7 7
2 4 7 9 7 7
2 5 7 0 6 7
2 6 8 0 5 7
1 6 8 1 4 7
1 7 8 0 3 7
0 7 8 1 2 7
9 7 8 2 1 7
9 8 8 2 0 7
8 8 8 3 9 7
8 9 8 2 8 7
8 0 8 3 8 7
8 1 8 4 8 8
8 2 8 5 8 9
8 3 8 6 8 0
8 4 8 6 8 1
8 5 8 7 8 2
8 6 8 8 8 3
8 7 8 9 8 4
8 8 8 0 8 5
8 9 8 1 8 6
8 0 8 2 8 7
8 1 8 3 8 8
8 2 8 4 8 9
8 3 8 5 8 0
8 4 8 6 8 1
8 5 8 6 8 2
8 6 8 7 8 3
8 7 8 8 8 4
8 8 8 9 8 5
8 9 8 0 8 6
8 0 8 1 8 7
8 1 8 2 8 7
8 2 8 3 8 8
8 3 8 4 8 9
8 4 8 5 8 0
8 5 8 6 8 0
8 6 8 7 8 1
8 7 8 8 8 2
8 8 8 9 8 3
8 9 8 0 8 4
8 0 8 1 8 5
8 1 8 2 8 4
8 2 8 3 8 4
8 3 8 4 8 3
