4 4 2 5 0 1
4 5 1 5 1 1
4 6 0 5 1 2
4 7 9 5 1 2
5 7 0 5 1 3
5 8 9 5 1 4
6 8 0 5 1 4
7 8 1 5 2 4
8 8 2 5 3 4
9 8 3 5 4 4
0 8 4 5 5 4
1 8 5 5 4 4
2 8 6 5 4 5
3 8 7 5 4 6
4 8 8 5 4 7
5 8 9 5 4 8
6 8 0 5 4 8
7 8 1 5 5 8
8 8 2 5 6 8
9 8 3 5 7 8
0 8 3 5 8 8
1 8 4 5 9 8
2 8 5 5 9 8
3 8 6 5 0 8
4 8 7 5 0 8
5 8 8 5 1 8
6 8 9 5 2 8
7 8 9 5 3 8
8 8 9 5 4 8
9 8 9 4 5 8
9 9 9 3 5 8
9 0 9 4 6 8
9 1 9 5 7 8
9 2 9 6 7 8
9 3 9 6 7 8
9 4 9 7 7 7
9 5 9 8 7 6
9 6 9 9 8 6
9 7 9 0 9 6
9 8 9 0 9 7
9 9 9 1 9 8
9 0 9 2 9 9
9 1 9 3 9 0
9 2 9 4 9 1
9 3 9 5 9 2
9 4 9 6 9 3
9 5 9 7 9 3
9 6 9 8 9 3
9 7 9 9 9 4
9 8 9 0 9 5
9 9 9 1 9 6
9 0 9 2 9 7
9 1 9 2 9 8
9 2 9 3 9 8
9 3 9 4 9 9
9 4 9 5 9 0
9 5 9 6 9 1
9 6 9 7 9 2
9 7 9 8 9 3
9 8 9 8 9 3
