8 1 5 4 2 9
8 2 5 5 1 9
8 3 5 6 0 9
8 4 5 7 0 0
8 5 5 8 0 1
8 6 5 8 0 2
8 7 4 8 0 3
8 8 4 8 0 4
8 9 4 8 0 4
8 0 3 8 0 5
8 1 2 8 0 4
9 1 3 8 0 4
0 1 4 8 0 3
1 1 5 8 0 2
2 1 6 8 0 1
3 1 6 8 1 1
4 1 7 8 2 1
5 1 8 8 3 1
6 1 9 8 4 1
7 1 0 8 5 1
8 1 1 8 6 1
9 1 2 8 6 1
0 1 3 8 7 1
1 1 4 8 8 1
2 1 5 8 9 1
3 1 6 8 0 1
4 1 7 8 1 1
5 1 8 8 2 1
6 1 8 8 3 1
7 1 8 7 4 1
7 2 8 6 5 1
7 3 8 7 5 1
7 4 8 8 5 1
7 5 8 8 5 1
7 6 8 9 5 2
7 7 8 0 5 2
7 8 8 1 5 3
7 9 8 1 5 4
7 0 8 2 5 5
7 1 8 3 5 4
7 2 8 4 5 4
7 3 8 5 5 3
7 4 8 5 6 3
8 4 8 6 6 4
8 5 8 7 6 4
8 6 8 8 7 4
8 7 8 9 7 5
8 8 8 9 7 6
8 9 8 0 7 6
8 0 8 1 7 7
8 1 8 1 7 8
