9 2 9 1 7 2
0 2 9 0 7 2
1 2 9 9 8 2
2 2 9 8 9 2
3 2 9 7 0 2
3 3 9 7 1 2
3 4 9 8 2 2
3 5 9 9 2 3
3 6 9 0 2 4
3 7 9 1 2 5
3 8 9 2 2 5
3 9 9 3 2 6
3 0 9 4 2 7
3 1 9 4 2 7
3 2 9 4 2 8
4 2 8 4 2 9
4 3 9 4 2 9
4 4 0 4 2 0
5 4 9 4 2 1
6 4 0 4 2 2
7 4 1 4 3 2
8 4 2 4 4 2
9 4 2 4 4 2
9 3 3 4 4 2
9 4 4 4 5 2
0 4 3 4 6 2
1 4 4 4 7 2
2 4 5 4 8 2
3 4 6 4 9 2
4 4 7 4 0 2
5 4 8 4 0 2
5 3 8 4 0 2
5 4 9 4 1 2
6 4 9 4 2 2
7 4 0 4 2 2
7 3 1 4 3 2
7 4 1 4 4 2
8 4 1 4 5 2
9 4 2 4 5 2
0 4 3 4 5 2
1 4 4 4 4 2
2 4 5 4 3 2
3 4 6 4 3 2
4 4 7 4 3 3
5 4 7 4 3 4
6 4 8 4 4 4
7 4 9 4 5 4
8 4 0 4 6 4
9 4 1 4 7 4
0 4 2 4 8 4
1 4 3 4 9 4
2 4 4 4 0 4
3 4 5 4 1 4
4 4 5 4 2 4
5 4 6 4 2 4
6 4 7 4 2 4
7 4 8 4 3 4
8 4 9 4 4 4
9 4 0 4 5 4
0 4 1 4 5 4
1 4 2 4 4 4
2 4 2 4 3 4
