0 5 6 4 2 0
0 6 5 4 2 1
1 6 6 4 2 2
2 6 6 4 2 3
3 6 7 4 2 4
4 6 8 4 2 5
5 6 8 4 3 5
6 6 9 4 4 5
7 6 0 4 4 5
8 6 1 4 5 5
9 6 2 4 6 5
0 6 2 4 7 5
1 6 3 4 8 5
2 6 3 4 9 5
3 6 3 3 0 5
3 7 3 3 1 5
3 8 3 2 1 6
3 9 3 3 1 7
3 0 3 4 1 7
3 1 3 5 1 8
3 2 3 6 1 9
3 3 3 7 1 9
3 4 3 7 1 0
3 5 3 8 1 1
3 6 3 9 1 1
3 7 3 0 1 2
3 8 3 1 1 2
3 9 3 2 1 1
3 0 3 2 1 1
3 1 3 3 1 1
3 2 3 4 2 1
3 3 3 5 2 1
3 4 3 6 2 1
3 5 3 7 2 2
3 6 3 8 2 3
3 7 3 9 2 4
3 8 3 0 2 5
3 9 3 1 2 6
3 0 3 2 2 7
3 1 3 3 2 8
3 2 3 4 2 9
3 3 3 5 2 0
3 4 3 6 2 0
3 5 3 7 2 1
3 6 3 8 2 2
3 7 3 9 2 3
3 8 3 9 2 3
3 9 3 0 2 3
3 0 3 1 2 2
3 1 3 2 2 1
3 2 3 3 2 1
3 3 3 4 2 2
3 4 3 5 2 2
3 5 3 6 2 3
3 6 3 7 2 4
3 7 3 8 2 5
3 8 3 8 2 6
