1 297
2 266
3 299
4 381
5 758
6 412
7 413
8 526
9 420
10 403
11 596
12 602
13 602
14 629
15 564
16 623
17 659
18 553
19 421
20 466
21 621
22 460
23 500
24 411
25 465
26 583
27 438
28 487
29 401
30 513
31 568
32 610
33 513
34 484
35 468
36 585
37 546
38 579
39 625
40 455
41 439
42 568
43 420
44 474
45 485
46 631
47 551
48 433
49 497
50 477
51 466
52 662
53 509
54 445
55 421
56 494
57 554
58 494
59 454
60 506
61 522
62 445
63 637
64 520
65 413
66 634
67 424
68 631
69 500
70 563
71 469
72 636
73 599
74 496
75 426
76 692
77 578
78 660
79 650
80 381
81 394
82 508
83 600
84 419
85 461
86 639
87 396
88 449
89 504
90 665
91 500
92 634
93 415
94 594
95 562
96 460
97 580
98 583
99 588
100 454
101 723
102 478
103 463
104 573
105 484
106 543
107 632
108 636
109 601
110 740
111 594
112 587
113 455
114 622
115 630
116 552
117 636
118 448
119 611
120 568
121 592
122 407
123 755
124 580
125 539
126 421
127 396
128 643
129 469
130 529
131 591
132 635
133 509
134 325
135 452
136 697
137 460
138 410
139 443
140 435
141 480
142 454
143 513
144 429
145 470
146 435
147 463
148 419
149 605
150 614
151 451
152 448
153 455
154 611
155 486
156 478
157 620
158 442
159 472
160 396
161 595
162 559
163 461
164 623
165 487
166 678
167 455
168 618
169 437
170 417
171 446
172 453
173 440
174 585
175 405
176 468
177 630
178 397
179 523
180 489
181 640
182 584
183 494
184 448
185 439
186 633
187 591
188 448
189 487
190 578
191 500
192 455
193 308
194 572
195 461
196 545
197 476
198 363
199 550
200 566
