1 -8055.51
2 -7604.69
3 -7714.01
4 -7460.23
5 -6273.71
6 -6149.64
7 -6544.61
8 -5893.35
9 -5586.01
10 -5770.14
11 -5362.28
12 -4628.35
13 -5317.01
14 -4641.25
15 -5323.41
16 -4723.3
17 -4560.82
18 -4741.02
19 -4870.4
20 -5259.78
21 -4774.26
22 -5186.37
23 -5928.77
24 -4696.34
25 -4315.24
26 -3809.99
27 -4272.45
28 -4361.3
29 -4211.73
30 -4276.02
31 -4110.54
32 -4699.43
33 -3590.63
34 -4437.98
35 -3965.24
36 -3836.26
37 -3333.23
38 -2426.87
39 -3644.34
40 -3695.61
41 -4666.36
42 -5482.27
43 -4497.99
44 -5208.94
45 -5479.12
46 -5115.04
47 -5024.08
48 -4705.27
49 -4665.44
50 -4152.87
51 -4460.06
52 -4295.47
53 -4433.96
54 -4216.13
55 -5067.86
56 -4872.62
57 -4849.34
58 -4594.29
59 -4948.46
60 -4550.1
61 -4075.08
62 -3933.22
63 -4255.27
64 -4270.83
65 -3801.09
66 -4347.05
67 -4193.09
68 -4016.37
69 -5206.18
70 -4963.11
71 -4713.1
72 -4217.24
73 -4965.99
74 -4957.93
75 -4908.24
76 -4861.31
77 -5991.13
78 -5156.46
79 -5333.61
80 -5581.56
81 -6061.71
82 -5753.72
83 -5218.03
84 -4282.04
85 -4830.19
86 -4789.94
87 -4557.69
88 -5013.69
89 -6087.5
90 -3922.21
91 -5675.83
92 -4841.96
93 -5016.75
94 -4336.33
95 -4249.97
96 -3793.28
97 -5203.49
98 -4446.65
99 -4787.19
100 -4496.26
