1 -7583.6
2 -7287.39
3 -7431.57
4 -7303.23
5 -7882.21
6 -7236.83
7 -7334.88
8 -7166.88
9 -7340.44
10 -7609.55
11 -7044.91
12 -7224.93
13 -6601.42
14 -5083.46
15 -4154.63
16 -4320.49
17 -4054.69
18 -4677.51
19 -5127.88
20 -5155.38
21 -2738.16
22 -4149.55
23 -3178.09
24 -3512.74
25 -4773.03
26 -3274.26
27 -3960.91
28 -2368.89
29 -1175.87
30 -2917.93
31 -2590.46
32 -2608.98
33 -2649.85
34 -1987.38
35 -2284.87
36 -2799.96
37 -2505
38 -1866.22
39 -1106.16
40 -2093.51
41 -2009.69
42 -2749.22
43 -2531.88
44 -3042.15
45 -2309.65
46 -1628.95
47 -1412.44
48 -1562.74
49 -2411.96
50 -1338.99
51 -1719.45
52 -1778.32
53 -1764.58
54 -3147.05
55 -2134.68
56 -3851.68
57 -3063.64
58 -2913.3
59 -2391.06
60 -3287.79
61 -2823.57
62 -3644.2
63 -3754.06
64 -2355.05
65 -2552.31
66 -3370.26
67 -2461.99
68 -2168.31
69 -3331.49
70 -3527.93
71 -2845.01
72 -2896.84
73 -2378.13
74 -3020.66
75 -2519.75
76 -2967.63
77 -3196.77
78 -3494.49
79 -3654
80 -2848.25
81 -1560.78
82 -2664.13
83 -2716.17
84 -2152.88
85 -1812.74
86 -1404.48
87 -2227.96
88 -1628.69
89 -2356.95
90 -3052.91
91 -1699.73
92 -2784.96
93 -1754.02
94 -1727.83
95 -2027.83
96 -1894.04
97 -1968.48
98 -1634.23
99 -1912.01
100 -1750.84
