1 -7545.43
2 -7611.91
3 -7362.18
4 -7474.56
5 -7159.77
6 -7271.8
7 -7157.94
8 -6952.35
9 -6609.61
10 -6032.53
11 -5458.16
12 -6511.96
13 -5625.84
14 -4698.88
15 -4266.15
16 -4516.95
17 -4829.54
18 -3684.06
19 -4451.68
20 -3988.71
21 -3367.41
22 -3624.15
23 -4005.75
24 -3612.51
25 -5399.96
26 -3608.89
27 -3398.13
28 -3220.17
29 -2395.16
30 -3199.14
31 -2531.56
32 -1763.03
33 -2559.97
34 -2497.74
35 -2516.69
36 -2447.3
37 -2923.48
38 -3054.73
39 -3637.82
40 -3323.19
41 -4011.88
42 -3629.37
43 -3352.4
44 -1632.52
45 -2443.19
46 -1939.24
47 -2614.16
48 -1842.23
49 -1143.44
50 -1956.65
51 -881.831
52 -2820.32
53 -938.712
54 -2011.95
55 -2739.43
56 -1874.23
57 -2403.51
58 -1907.72
59 -1784.2
60 -1885.3
61 -1844.82
62 -2378.56
63 -2298.8
64 -1520.17
65 -2413.78
66 -1349.9
67 -2666.42
68 -2729.02
69 -2906.13
70 -1657.65
71 -2204.44
72 -1829.25
73 -2018.93
74 -2385.72
75 -1679.93
76 -1676.99
77 -1183.25
78 -2360.69
79 -2258.94
80 -2530.85
81 -1260.19
82 -1054.61
83 -1922.7
84 -1430.4
85 -1089.55
86 -1806.43
87 -1968.58
88 -1814.59
89 -2207.89
90 -2099.13
91 -2748.58
92 -2016.21
93 -2053.97
94 -2978.89
95 -2679.56
96 -2284.52
97 -2433.62
98 -2666.76
99 -2790.76
100 -2374.2
