1 -7547.85
2 -6947.71
3 -7065.61
4 -7036
5 -4984.97
6 -5220.58
7 -5347.26
8 -5223.67
9 -4434.67
10 -4752.03
11 -2421.19
12 -2802.99
13 -2089.67
14 -2423.94
15 -673.317
16 -1515.71
17 -1733.59
18 -1564.74
19 -1180.85
20 -1277.85
21 -1915.71
22 -1135.64
23 -488.48
24 -872.969
25 -324.652
26 -47.7787
27 -1258.85
28 -1328.53
29 48.4787
30 -1440.69
31 -101.492
32 -1340
33 -1311.01
34 -1694.45
35 -1208.49
36 -1113.35
37 -946.263
38 -1450.79
39 -1517.06
40 -1161.94
41 -23.112
42 -537.589
43 -1292.62
44 -768.137
45 -944.563
46 -264.191
47 -694.653
48 -2300.22
49 224.431
50 402.255
51 331.397
52 -80.1
53 140.281
54 -247.305
55 -645.649
56 -46.4373
57 780.489
58 -370.441
59 332.561
60 470.317
61 -613.051
62 57.5547
63 -135.751
64 -530.792
65 -1235.26
66 -285.101
67 -1331.09
68 -1094.72
69 -931.755
70 -232.863
71 -1201.51
72 -2258.7
73 -392.096
74 -507.067
75 -1154.25
76 -826.403
77 -1006.39
78 -843.02
79 -1489.56
80 -415.097
81 810.661
82 -973.252
83 -152.8
84 -211.347
85 -356.172
86 -848.696
87 158.212
88 -625.721
89 150.3
90 360.819
91 720.831
92 -996.513
93 -80.2547
94 -40.276
95 429.881
96 765.575
97 -61.7853
98 -392
99 -372.728
100 -924.824
