1 -608.372
2 -603.149
3 -614.367
4 -607.077
5 -573.567
6 -559.384
7 -577.869
8 -579.731
9 -555.847
10 -579.573
11 -574.152
12 -553.872
13 -554.563
14 -527.588
15 -553.517
16 -500.423
17 -495.605
18 -522.937
19 -537.456
20 -522.763
21 -520.119
22 -415.201
23 -441.78
24 -368.763
25 -512.535
26 -437.993
27 -407.795
28 -418.524
29 -462.325
30 -421.54
31 -603.909
32 -571.357
33 -397.324
34 -472.633
35 -427.457
36 -465.985
37 -444.705
38 -429.675
39 -462.489
40 -515.147
41 -469.083
42 -412.191
43 -363.493
44 -295.381
45 -284.165
46 -398.513
47 -346.196
48 -340.116
49 -313.945
50 -317.368
51 -296.715
52 -445.289
53 -400.405
54 -443.783
55 -471.559
56 -372.975
57 -232.049
58 -320.461
59 -321.932
60 -355.503
61 -330.195
62 -326.5
63 -303.571
64 -284.117
65 -313.837
66 -313.46
67 -313.109
68 -345.271
69 -340.369
70 -340.651
71 -370.252
72 -418.871
73 -396.485
74 -380.129
75 -361.168
76 -375.704
77 -391.045
78 -332.785
79 -289.336
80 -420.417
81 -386.889
82 -359.708
83 -468.12
84 -514.644
85 -311.845
86 -329.749
87 -396.336
88 -369.968
89 -375.567
90 -402.199
91 -430.783
92 -449.205
93 -379.595
94 -424.001
95 -326.28
96 -372.497
97 -329.524
98 -354.487
99 -398.705
100 -370.651
