1 -598.287
2 -521.384
3 -536.627
4 -525.948
5 -515.433
6 -489.088
7 -410.899
8 -413.66
9 -456.327
10 -398.269
11 -269.383
12 -267.235
13 -223.324
14 -263.784
15 -188.421
16 -276.629
17 -226.04
18 -236.812
19 -287.672
20 -334.901
21 -249.112
22 -317.772
23 -352.024
24 -184.265
25 -163.156
26 -145.269
27 -62.4267
28 -85.596
29 -170.488
30 -114.263
31 -60.436
32 -109.253
33 2.62
34 -40.6693
35 -116.013
36 0.00266667
37 -59.7653
38 -6.328
39 -61.9227
40 -202.792
41 -57.064
42 -119.628
43 -122.985
44 -64.664
45 -121.377
46 -140.325
47 -61.0667
48 -68.376
49 -117.809
50 -72.3507
51 -204.605
52 -77.6867
53 -58.4067
54 29.8027
55 -51.3227
56 -73.4707
57 -78.128
58 -64.3173
59 -0.945333
60 -39.7947
61 -52.5387
62 -120.649
63 -163.965
64 -96.7547
65 -196.531
66 -130.908
67 -113.584
68 -70.4267
69 -88.908
70 -72.244
71 -100.604
72 -66.5973
73 74.476
74 -32.5693
75 34.7053
76 36.124
77 -69.96
78 11.2387
79 -5.02933
80 -41.7267
81 6.17733
82 -61.7427
83 -36.2427
84 -106.481
85 -55.852
86 -31.4827
87 -94.4173
88 14.916
89 -164.548
90 -169.105
91 -81.5493
92 -59.616
93 1.40667
94 -54.0947
95 -78.0947
96 -94.4387
97 -117.517
98 -129.532
99 -117.244
100 -178.675
