1	0.157325	2.83019
2	0	2.83019
3	0.0983871	2.83019
4	0.0483871	2.83019
5	0.0410959	2.83019
6	0	2.83019
7	0	2.83019
8	0.0483871	2.83019
9	0	2.83019
10	0.160685	3.06122
11	0.108333	3.33333
12	0.193047	4.7619
13	0.186797	4.7619
14	0.0833977	4.7619
15	0.105496	4.7619
16	0.0352941	4.7619
17	0.151111	5.55556
18	0.038961	5.55556
19	0.0555556	5.55556
20	0.0447761	5.55556
21	0	5.55556
22	0.287421	5.55556
23	0.154522	5.55556
24	0.216074	5.55556
25	0.05	5.55556
26	0.0526316	5.55556
27	0.432265	9.67742
28	0.204059	9.67742
29	0.334018	9.67742
30	0.258542	9.67742
31	0.261699	9.67742
32	0.168182	9.67742
1	2.91641	13.0435
2	3.59467	13.0435
3	3.24578	13.0435
4	3.84346	19.3548
5	4.84439	20
6	5.37113	20
7	3.7739	20
8	5.03683	20
9	4.76835	20
10	5.76703	20
11	4.86973	20
12	5.60183	20
13	4.70531	20
14	4.39587	20
15	4.64254	20
16	4.60727	20
17	4.03311	20
18	4.83242	20
19	4.51639	20
20	5.5045	20
21	4.64545	20
22	4.43466	20
23	4.22607	20
24	4.66285	20
25	3.83182	20
26	5.34903	20
27	4.27751	20
28	4.99691	20
29	3.95667	20
30	4.93635	20
31	6.55862	21.7391
32	4.08577	21.7391
33	4.68555	21.7391
34	5.61853	21.7391
35	5.7786	21.7391
36	5.7305	21.7391
37	4.78475	21.7391
38	4.80062	21.7391
39	5.31589	21.7391
40	3.70024	21.7391
41	4.19113	21.7391
42	4.72521	21.7391
43	5.04413	21.7391
44	4.22473	21.7391
45	5.03172	21.7391
46	4.0008	21.7391
47	5.77835	21.7391
48	4.46524	21.7391
49	4.85751	21.7391
50	4.31077	21.7391
51	3.56449	21.7391
52	3.67391	21.7391
53	4.38891	21.7391
54	3.66959	21.7391
55	5.10247	21.7391
56	3.98595	21.7391
57	5.02078	21.7391
58	5.0591	21.7391
59	5.01976	21.7391
60	4.49766	21.7391
61	4.14483	21.7391
62	5.02584	21.7391
63	4.36961	21.7391
64	4.09388	21.7391
65	5.02817	21.7391
66	4.11217	21.7391
67	4.07952	21.7391
68	3.9945	21.7391
69	3.81109	21.7391
70	3.94583	21.7391
71	5.9106	21.7391
72	5.2137	21.7391
73	4.80147	21.7391
74	5.60317	21.7391
75	5.03547	21.7391
76	6.34481	23.6842
77	6.5651	23.6842
78	6.1899	23.6842
79	5.64273	23.6842
80	5.58588	23.6842
81	5.0663	23.6842
82	4.43588	23.6842
83	4.73089	23.6842
84	5.3254	23.6842
85	4.81886	23.6842
86	5.50996	23.6842
87	4.99606	23.6842
88	4.17898	23.6842
89	4.7985	23.6842
90	5.11081	24.1935
91	4.40804	24.1935
92	5.46824	24.1935
93	5.22152	24.1935
94	4.248	24.1935
95	4.57294	24.1935
96	4.32639	24.1935
97	4.3819	24.1935
98	4.16982	24.1935
99	3.40223	24.1935
100	4.38002	24.1935
101	4.4052	24.1935
102	4.49966	24.1935
103	4.90459	24.1935
104	6.06236	24.1935
105	5.38112	24.1935
106	5.09943	24.1935
107	4.15021	24.1935
108	4.42062	24.1935
109	4.4939	24.1935
110	5.9841	24.1935
111	5.55098	24.1935
112	5.65625	24.1935
113	5.08368	24.1935
114	4.96298	24.1935
115	4.56559	24.1935
116	5.35937	24.1935
117	5.59357	24.1935
118	5.65088	24.1935
119	4.66101	24.1935
120	5.94322	24.1935
121	4.1255	24.1935
122	4.34717	24.1935
123	4.65637	24.1935
124	5.35131	24.1935
125	5.0642	24.1935
126	4.40204	24.1935
127	5.03736	24.1935
128	5.48731	24.1935
129	4.86536	24.1935
130	4.35032	24.1935
131	3.71316	24.1935
132	5.49349	24.1935
133	5.06793	24.1935
134	5.08572	24.1935
135	4.49322	24.1935
136	4.58778	24.1935
137	4.69655	24.1935
138	5.02478	24.1935
139	4.23248	24.1935
140	3.90952	24.1935
141	3.74625	24.1935
142	5.01846	24.1935
143	4.44456	24.1935
144	3.84268	24.1935
145	4.7699	24.1935
146	4.43582	24.1935
147	4.35737	24.1935
148	4.65111	24.1935
149	5.17761	24.1935
150	4.42399	24.1935
151	4.88652	24.1935
152	4.12587	24.1935
153	4.65013	24.1935
154	4.06863	24.1935
155	4.97475	24.1935
156	5.04742	24.1935
157	4.57182	24.1935
158	4.34842	24.1935
159	3.31412	24.1935
160	4.8298	24.1935
161	4.46854	24.1935
162	3.98043	24.1935
163	4.08773	24.1935
164	4.61496	24.1935
165	4.7	24.1935
166	4.1733	24.1935
167	5.17697	24.1935
168	5.10505	24.1935
169	5.24036	24.1935
170	5.34225	24.1935
171	5.26897	24.1935
172	4.93263	24.1935
173	5.53279	24.1935
174	4.62833	24.1935
175	4.76514	24.1935
176	4.88362	24.1935
177	4.73381	24.1935
178	5.16617	24.1935
179	5.07208	24.1935
180	5.90005	24.1935
181	5.21643	24.1935
182	5.15151	24.1935
183	5.42344	24.1935
184	4.96512	24.1935
185	5.63688	24.1935
186	4.21222	24.1935
187	4.47425	24.1935
188	5.75118	24.1935
189	5.91708	24.1935
190	5.07632	24.1935
191	4.38485	24.1935
192	4.47461	24.1935
193	3.82128	24.1935
194	4.10563	24.1935
195	4.0671	24.1935
196	4.28778	24.1935
197	4.19653	24.1935
198	4.78099	24.1935
199	3.95832	24.1935
200	4.60794	24.1935
201	4.37919	24.1935
202	4.93574	24.1935
203	4.96265	24.1935
204	4.1428	24.1935
205	4.71851	24.1935
206	5.20919	24.1935
207	4.77908	24.1935
208	4.36186	24.1935
209	4.83834	24.1935
210	4.62545	24.1935
211	5.09153	24.1935
212	5.56054	24.1935
213	5.14464	24.1935
214	4.99604	24.1935
215	6.61723	24.1935
216	5.82202	24.1935
217	5.29635	24.1935
218	5.31036	24.1935
219	4.34211	24.1935
220	4.65415	24.1935
221	4.78955	24.1935
222	4.82602	24.1935
223	4.50179	24.1935
224	4.52369	24.1935
225	4.44363	24.1935
226	5.26247	24.1935
227	6.07293	24.1935
228	4.40565	24.1935
229	3.81737	24.1935
230	4.1664	24.1935
231	3.97069	24.1935
232	5.24338	24.1935
233	4.04792	24.1935
234	4.28765	24.1935
235	4.38697	24.1935
236	3.882	24.1935
237	4.97569	24.1935
238	4.7083	24.1935
239	5.17006	24.1935
240	4.47366	24.1935
241	4.28035	24.1935
242	4.56141	24.1935
243	4.57938	24.1935
244	3.54963	24.1935
245	4.48399	24.1935
246	5.91087	24.1935
247	4.44103	24.1935
248	4.46838	24.1935
249	4.82526	24.1935
250	3.88111	24.1935
251	4.96667	24.1935
252	4.87994	24.1935
253	3.82855	24.1935
254	4.08126	24.1935
255	4.58937	24.1935
256	6.01503	24.1935
257	4.81223	24.1935
258	5.12356	24.1935
259	5.1302	24.1935
260	4.23947	24.1935
261	4.73517	24.1935
262	4.71437	24.1935
263	5.22559	24.1935
264	5.10128	24.1935
265	4.35479	24.1935
266	5.29369	24.1935
267	4.32026	24.1935
268	5.08695	24.1935
269	5.05105	24.1935
270	6.00464	24.1935
271	5.48561	24.1935
272	5.6247	24.1935
273	4.20275	24.1935
274	5.11884	24.1935
275	4.37864	24.1935
276	4.54841	24.1935
277	4.12513	24.1935
278	4.53057	24.1935
279	4.22952	24.1935
280	4.18373	24.1935
281	4.62955	24.1935
282	4.29172	24.1935
283	4.09173	24.1935
284	4.78308	24.1935
285	4.68926	24.1935
286	5.84387	24.1935
287	4.91763	24.1935
288	3.68941	24.1935
289	4.87951	24.1935
290	4.56271	24.1935
291	4.38026	24.1935
292	5.03107	24.1935
293	4.2624	24.1935
294	3.66348	24.1935
295	5.16534	24.1935
296	5.19073	24.1935
297	4.71825	24.1935
298	4.71328	24.1935
299	6.55273	24.1935
300	4.75245	24.1935
301	5.31526	24.1935
302	4.58562	24.1935
303	5.19176	24.1935
304	4.71897	24.1935
305	4.88404	24.1935
306	4.53189	24.1935
307	4.10677	24.1935
308	4.83823	24.1935
309	5.03876	24.1935
310	4.96416	24.1935
311	5.07532	24.1935
312	5.27023	24.1935
313	5.10728	24.1935
314	4.62321	24.1935
315	5.25961	24.1935
316	5.37431	24.1935
317	5.66119	24.1935
318	4.49828	24.1935
319	5.3862	24.1935
320	4.27112	24.1935
321	5.02184	24.1935
322	5.16655	24.1935
323	4.31555	24.1935
324	4.15112	24.1935
325	4.15816	24.1935
326	4.6449	24.1935
327	4.60691	24.1935
328	5.38714	24.1935
329	6.11032	24.1935
330	4.70665	24.1935
331	4.32879	24.1935
332	4.29911	24.1935
333	4.68412	24.1935
334	4.20966	24.1935
335	5.21847	24.1935
336	3.80979	24.1935
337	5.11692	24.1935
338	4.52668	24.1935
339	4.84149	24.1935
340	4.90583	24.1935
341	5.08467	24.1935
342	4.29144	24.1935
343	5.61375	24.1935
344	3.56364	24.1935
345	4.74908	24.1935
346	5.80257	24.1935
347	4.26327	24.1935
348	4.6047	24.1935
349	3.80376	24.1935
350	2.93244	24.1935
351	4.20632	24.1935
352	4.5346	24.1935
353	5.14101	24.1935
354	4.52576	24.1935
355	4.99841	24.1935
356	5.71137	24.1935
357	5.05201	24.1935
358	5.02	24.1935
359	4.91658	24.1935
360	4.77542	24.1935
361	4.33069	24.1935
362	5.06588	24.1935
363	5.7586	24.1935
364	4.58501	24.1935
365	4.66374	24.1935
366	4.4504	24.1935
367	5.27211	24.1935
368	4.76871	24.1935
369	3.96654	24.1935
370	5.36681	24.1935
371	4.77424	24.1935
372	4.21528	24.1935
373	4.86217	24.1935
374	4.56118	24.1935
375	5.45773	24.1935
376	4.59546	24.1935
377	5.30812	24.1935
378	5.23528	24.1935
379	4.21287	24.1935
380	5.36068	24.1935
381	4.94559	24.1935
382	4.88746	24.1935
383	4.96051	24.1935
384	5.01389	24.1935
385	4.49914	24.1935
386	4.69837	24.1935
387	4.27843	24.1935
388	4.28963	24.1935
389	4.53868	24.1935
390	5.35207	24.1935
391	4.25165	24.1935
392	4.8191	24.1935
393	6.09907	24.1935
394	5.72233	24.1935
395	4.49516	24.1935
396	5.28567	24.1935
397	4.59305	24.1935
398	4.12625	24.1935
399	5.19693	24.1935
400	4.26803	24.1935
401	4.6188	24.1935
402	4.54021	24.1935
403	5.44133	24.1935
404	5.51513	24.1935
405	4.61373	24.1935
406	5.46637	24.1935
407	5.0708	24.1935
408	5.15383	24.1935
409	4.13388	24.1935
410	5.45649	24.1935
411	5.6109	24.1935
412	4.30642	24.1935
413	4.23214	24.1935
414	4.34341	24.1935
415	3.66413	24.1935
416	4.53997	24.1935
417	4.6146	24.1935
418	4.51849	24.1935
419	4.7151	24.1935
420	5.69805	24.1935
421	5.35603	24.1935
422	5.23677	24.1935
423	5.47693	24.1935
424	5.09258	24.1935
425	5.05874	24.1935
426	5.92913	24.1935
427	5.80207	24.1935
428	5.54923	24.1935
429	5.20945	24.1935
430	5.38576	24.1935
431	5.24772	24.1935
432	4.40994	24.1935
433	4.75293	24.1935
434	4.94447	24.1935
435	5.63373	24.1935
1	0.0517241	2.58621
2	0.192381	2.58621
3	0.0952381	4.7619
4	0.15563	4.7619
5	0.12658	4.7619
6	0.100446	4.7619
1	0	0
2	0.0892241	2.58621
3	0.148361	4.91803
1	0.0483871	2.41935
2	0.261931	6.66667
3	0.182993	6.66667
1	0.1385	2.67857
2	0.0461538	2.67857
3	0.147878	2.67857
4	0.0508475	2.67857
5	0.26181	5.55556
6	0.213912	5.55556
7	0	5.55556
8	0.0807151	5.55556
9	0	5.55556
41
55
91
128
128
128
163
163
163
193
205
205
216
216
1110
1110
100001
1	0.0483871	2.41935
2	0	2.41935
3	0.141198	2.58621
4	0	2.58621
5	0.0983607	4.91803
6	0.24003	4.91803
7	0.0625	4.91803
8	0	4.91803
9	0.0652174	4.91803
10	0.180579	4.91803
11	0	4.91803
12	0.105393	4.91803
13	0.0566038	4.91803
14	0	4.91803
15	0.360717	4.91803
16	0.0483871	4.91803
17	0.128738	4.91803
18	0.301519	7.89474
19	0	7.89474
20	0.103571	7.89474
21	0.0517241	7.89474
22	0.194654	7.89474
23	0.102752	7.89474
24	0.102058	7.89474
25	0	7.89474
26	0.0447761	7.89474
27	0.0955556	7.89474
28	0.150959	7.89474
29	0.160052	7.89474
30	0.176148	7.89474
31	0	7.89474
32	0.0428571	7.89474
33	0.0902307	7.89474
34	0.0454545	7.89474
35	0.0441176	7.89474
36	0.0625	7.89474
37	0.107143	7.89474
38	0.0915926	7.89474
39	0.0638298	7.89474
40	0.0839161	7.89474
41	0.05	7.89474
42	0.0526316	7.89474
43	0.05	7.89474
44	0.251791	7.89474
45	0	7.89474
46	0.0447761	7.89474
47	0.0491803	7.89474
48	0.102941	7.89474
49	0.418124	7.89474
1	3.07614	17.5
2	3.32099	17.5
3	3.53549	17.5
4	3.71193	17.5
5	4.13768	17.5
6	4.48124	17.5
7	4.05564	17.5
8	4.70499	17.5
9	4.53038	17.5
10	3.81388	17.5
11	3.87586	17.5
12	4.5676	17.5
13	3.58599	17.5
14	5.57421	17.5
15	4.86233	17.5
16	4.71599	17.5
17	4.99505	17.5
18	3.00224	17.5
19	4.75453	17.5
20	4.814	17.5
21	5.13362	21.8182
22	4.50797	21.8182
23	4.23679	21.8182
24	4.41234	21.8182
25	5.15392	21.8182
26	4.22029	21.8182
27	4.18438	21.8182
28	5.05487	21.8182
29	4.83795	21.8182
30	5.36262	21.8182
31	4.08231	21.8182
32	4.42023	21.8182
33	4.4698	21.8182
34	4.2969	21.8182
35	4.43031	21.8182
36	4.91535	21.8182
37	4.24864	21.8182
38	4.40414	21.8182
39	4.84047	21.8182
40	4.31401	21.8182
41	4.71652	21.8182
42	4.21974	21.8182
43	5.10196	21.8182
44	5.28177	21.8182
45	4.99991	21.8182
46	5.11795	22.0588
47	4.75265	22.1311
48	5.68459	22.1311
49	5.85557	22.1311
1	3	30
2	2.4	30
3	6.6	90
4	3.6	90
5	5.4	90
6	5.4	90
7	6.6	90
8	3.6	90
9	3.6	90
10	6.6	90
11	5.4	90
12	3.6	90
13	2.4	90
14	4.8	90
15	3	90
16	3.6	90
17	1.8	90
18	2.4	90
19	4.2	90
20	4.2	90
21	4.8	90
22	5.4	90
23	4.8	90
24	7.2	90
25	0	90
26	6	90
27	8.4	90
28	3.6	90
29	4.8	90
30	3.6	90
31	6	90
32	3.6	90
33	1.2	90
34	4.8	90
35	2.4	90
36	2.4	90
37	6	90
38	3.6	90
39	2.4	90
40	6	90
41	3.6	90
42	2.4	90
43	4.8	90
44	4.2	90
45	4.2	90
46	2.4	90
47	3.6	90
48	3.6	90
49	2.4	90
1	0.8	20
2	2.8	40
3	1.2	40
4	2.8	40
5	2	40
6	0.4	40
7	2.4	40
8	2.8	40
9	2.4	40
10	2.4	40
11	3.2	40
12	3.6	60
13	1.2	60
14	3.2	60
15	3.6	60
16	4.4	60
17	3.6	60
18	3.2	60
19	5.6	60
20	2.8	60
21	3.2	60
22	3.2	60
23	2.8	60
24	2.8	60
25	2.8	60
26	1.6	60
27	6	60
28	2.8	60
29	1.6	60
30	1.2	60
31	3.2	60
32	3.2	60
33	2.4	60
34	4	60
35	2	60
36	1.2	60
37	2.4	60
38	2	60
39	3.2	60
40	2.4	60
41	2.8	60
42	5.6	60
43	2.4	60
44	2.4	60
45	2.8	60
46	2	60
47	2	60
48	1.2	60
49	1.6	60
158
158
241
241
243
243
243
333
467
467
467
467
467
467
467
467
559
711
711
100001
1	4.8	40
2	11.6	80
3	8.8	80
4	13.2	80
5	10	80
6	10.8	80
7	10.4	80
8	10.4	80
9	8.4	80
10	10	80
11	11.2	80
12	14	80
13	12.4	80
14	14.8	80
1	4.4	40
2	6.4	40
3	6.4	40
4	7.2	60
5	10.8	60
6	6.8	60
7	4.8	60
8	2.8	60
9	4	60
10	5.6	60
11	8	60
12	9.2	60
13	10.4	60
14	9.6	60
15	12.8	80
16	11.6	80
17	10	80
18	9.2	80
19	14.8	80
20	16.8	100
21	13.6	100
22	17.2	100
23	17.6	100
24	14.4	100
25	18.4	100
26	21.2	100
27	17.6	100
28	12.8	100
29	12.4	100
30	18.8	100
31	13.2	100
32	14	100
33	17.6	100
34	12.8	100
35	8.8	100
36	12.4	100
37	10.4	100
38	12	100
39	12.4	100
40	15.2	100
41	10.4	100
42	12.4	100
43	7.6	100
44	14	100
45	14	100
46	9.6	100
47	12.8	100
48	5.6	100
49	10.8	100
1	3.6	60
2	1.6	60
3	2	60
4	5.2	60
5	4.8	60
6	5.2	60
7	9.6	60
8	12.4	120
9	14.8	120
10	10.4	120
11	9.6	120
12	14.8	120
13	17.6	120
14	20	120
15	20.4	120
16	18.4	120
17	20.8	120
18	9.6	120
19	17.6	120
20	12	120
21	18.4	120
22	14.8	120
23	14.4	120
24	14.4	120
25	15.6	120
26	16.4	120
27	15.6	120
28	15.6	120
29	10	120
30	14.4	120
31	10.8	120
32	12	120
33	12.4	120
34	7.2	120
35	9.6	120
36	4.4	120
37	5.6	120
38	8.4	120
39	7.2	120
40	10	120
41	10.4	120
42	6.8	120
43	19.2	120
44	10.4	120
45	19.2	120
46	12	120
47	16	120
48	14	120
49	14	120
1	4.8	40
2	4	40
3	4	60
4	3.2	60
5	7.6	80
6	6.4	80
7	7.2	80
8	10	80
9	6	80
10	2	80
11	6.4	80
12	8.4	80
13	10.8	80
14	12.4	80
15	12.8	80
16	16.8	80
17	18.4	100
18	13.2	100
19	12	120
20	18.4	120
21	18.8	120
22	11.6	120
23	14	120
24	13.6	120
25	10.8	120
26	20.4	120
27	12.4	120
28	20.8	120
29	22	120
30	26.8	120
31	37.6	140
32	36.4	140
33	44	140
34	35.6	140
35	42.8	140
36	40	140
37	38	140
38	47.6	140
39	38.8	140
40	49.2	140
41	44.4	140
42	55.6	140
43	44.8	140
44	43.6	140
45	40.4	140
46	35.6	140
47	45.6	140
48	46	140
49	37.6	140
50	41.6	140
51	48.4	140
52	42.4	140
53	40.8	140
54	38	140
55	41.6	140
56	40	140
57	50.4	140
58	44.4	140
59	29.2	140
60	37.2	140
61	46.4	140
62	49.6	140
63	40.8	140
64	52.4	140
65	54	140
66	60.4	140
67	56.8	140
68	38	140
69	35.6	140
70	45.6	140
71	38.8	140
72	45.6	140
73	52	140
74	44.4	140
75	44.4	140
76	42.4	140
77	51.2	140
78	40	140
79	48.8	140
80	36	140
81	40.4	140
82	30.4	140
83	40.4	140
84	45.2	140
85	40.4	140
86	28	140
87	19.6	140
88	23.6	140
89	30.4	140
90	38.8	140
91	31.2	140
92	25.6	140
93	28.8	140
94	26	140
95	29.6	140
96	32	160
97	32.4	160
98	31.6	160
99	38.4	160
100	39.2	160
101	46.4	160
102	42.4	160
103	46.8	160
104	47.2	160
105	42.4	160
106	41.6	160
107	30.8	160
108	44	160
109	40.4	160
110	43.6	160
111	49.2	160
112	38.8	160
113	32.8	160
114	38	160
115	48.8	160
116	35.2	160
117	45.2	160
118	32.8	160
119	34	160
120	31.2	160
121	28	160
122	41.2	160
123	39.2	160
124	35.2	160
125	40.4	160
126	44.4	160
127	43.6	160
128	48	160
129	41.6	160
130	42	160
131	50	160
132	39.6	160
133	44	160
134	41.6	160
135	39.6	160
136	38	160
137	56.4	160
138	50.8	160
139	42.8	160
140	48	160
141	47.6	160
142	51.2	160
143	54	160
144	44.4	160
145	52.4	160
146	47.2	160
147	36.8	160
148	40	160
149	35.2	160
150	34.4	160
151	42	160
152	41.2	160
153	40	160
154	36	160
155	28.4	160
156	35.6	160
157	39.6	160
158	50	160
159	37.2	160
160	35.6	160
161	52	160
162	46.8	160
163	40.4	160
164	48.8	160
165	52.8	160
166	43.2	160
167	49.2	160
168	47.2	160
169	64.4	160
170	54.8	160
171	54.8	160
172	50	160
173	54.4	160
174	52.8	160
175	46	160
176	36.4	160
177	49.6	160
178	46.8	160
179	52.8	160
180	36.8	160
181	47.6	160
182	42.8	160
183	47.6	160
184	41.6	160
185	72.4	160
186	52	160
187	53.6	160
188	52.4	160
189	49.6	160
190	46.8	160
191	49.2	160
192	51.2	160
193	47.6	160
194	48.8	160
195	51.6	160
196	58	160
197	34.4	160
198	46.8	160
199	48	160
200	44.4	160
201	45.6	160
202	43.2	160
203	44.4	160
204	49.6	160
205	42.8	160
206	47.2	160
207	44.8	160
208	55.6	160
209	49.6	160
210	41.2	160
211	48	160
212	47.6	160
213	54.4	160
214	43.6	160
215	41.6	160
216	44	160
217	49.6	160
218	47.6	160
219	51.2	160
220	58.8	160
221	47.2	160
222	56.4	160
223	45.2	160
224	43.6	160
225	52.8	160
226	58.4	160
227	48	160
228	50.4	160
229	48.4	160
230	50	160
231	46.8	160
232	44.4	160
233	36	160
234	34.8	160
235	59.2	160
236	40.4	160
237	31.2	160
238	34.8	160
239	30.8	160
240	47.6	160
241	45.2	160
242	43.2	160
243	31.2	160
244	32.4	160
245	43.2	160
246	46.8	160
247	37.2	160
248	41.2	160
249	38.8	160
250	40.8	160
251	44	160
252	47.6	160
253	45.6	160
254	43.6	160
255	40.4	160
256	44	160
257	42.4	160
258	47.6	160
259	48.4	160
260	44.8	160
261	39.6	160
262	40.8	160
263	36.8	160
264	53.2	160
265	61.2	160
266	55.6	160
267	56.4	160
268	45.2	160
269	46	160
270	40.4	160
271	26.8	160
272	32.4	160
273	40.4	160
274	42.8	160
275	30	160
276	32	160
277	43.6	160
278	43.2	160
279	38.4	160
280	31.6	160
281	26	160
282	30.4	160
283	42	160
284	34.8	160
285	39.6	160
286	47.2	160
287	39.2	160
288	39.2	160
289	43.2	160
290	41.2	160
291	42.4	160
292	24	160
293	37.6	160
294	43.2	160
295	42.4	160
296	45.2	160
297	42.4	160
298	41.6	160
299	28.8	160
300	33.2	160
301	23.6	160
302	32.4	160
303	29.2	160
304	18.4	160
305	28	160
306	24.8	160
307	34	160
308	24.8	160
309	24.8	160
310	24.8	160
311	26	160
312	23.2	160
313	25.6	160
314	31.2	160
315	31.6	160
316	29.6	160
317	43.2	160
318	41.2	160
319	29.6	160
320	28.4	160
321	28.4	160
322	43.2	160
323	42.4	160
324	30	160
325	45.2	160
326	34	160
327	41.2	160
328	32.8	160
329	33.6	160
330	26.8	160
331	42.8	160
332	36	160
333	30.8	160
334	31.2	160
335	45.2	160
336	51.2	160
337	30	160
338	38.4	160
339	36	160
340	31.6	160
341	50.8	160
342	43.2	160
343	40	160
344	49.6	160
345	42.4	160
346	34.4	160
347	31.2	160
348	40	160
349	41.6	160
350	42.4	160
351	52.4	160
352	36.8	160
353	46	160
354	38.8	160
355	44.4	160
356	43.6	160
357	28.4	160
358	38	160
359	28	160
360	35.6	160
361	30.8	160
362	20.8	160
363	19.6	160
364	27.2	160
365	33.6	160
366	30.4	160
367	27.2	160
368	26.8	160
369	34.8	160
370	30	160
371	28.8	160
372	35.6	160
373	22.4	160
374	23.2	160
375	24.4	160
376	38.8	160
377	31.2	160
378	29.2	160
379	34.4	160
380	36.4	160
381	39.6	160
382	28.4	160
383	30	160
384	39.2	160
385	24.8	160
386	28.4	160
387	34.8	160
388	26.4	160
389	19.6	160
390	21.2	160
391	26.8	160
392	31.6	160
393	31.2	160
394	36	160
395	32.8	160
396	30	160
397	32.4	160
398	41.2	160
399	32	160
400	31.6	160
401	31.6	180
402	34	180
403	37.6	180
404	30	180
405	19.2	180
406	21.6	180
407	25.2	180
408	24.4	180
409	32.4	180
410	30.4	180
411	28.8	180
412	40	180
413	27.6	180
414	32.4	180
415	27.2	180
416	38.4	180
417	41.6	180
418	36.8	180
419	32.8	180
420	29.2	180
421	35.6	180
422	33.2	180
423	34.4	180
424	39.2	180
425	40.4	180
426	46.4	180
427	38	180
428	36.4	180
429	34.4	180
430	32	180
431	34.8	180
432	40	180
433	32.4	180
434	34	180
435	37.2	180
436	32.8	180
437	46	180
438	40	180
439	46.8	180
440	42.4	180
441	49.2	180
442	38.4	180
443	36.4	180
444	45.2	180
445	35.2	180
446	42.4	180
447	41.6	180
448	52.8	180
449	43.6	180
450	34.4	180
451	40.4	180
452	44	180
453	46	180
454	47.6	180
455	48	180
456	42	180
457	42.8	180
458	44.8	180
459	49.2	180
460	44.4	180
461	39.2	180
462	52.4	180
463	33.2	180
464	36	180
465	41.2	180
466	35.2	180
467	38	180
468	36.4	180
469	36	180
470	42.4	180
471	35.2	180
472	32.8	180
473	41.6	180
474	41.2	180
475	36	180
476	34.8	180
477	30.4	180
478	31.2	180
479	28	180
480	33.2	180
481	34	180
482	34	180
483	46.8	180
484	35.6	180
485	49.2	180
486	46	180
487	52.4	180
488	48.8	180
489	38.4	180
490	43.2	180
491	36	180
492	43.6	180
493	39.2	180
494	35.2	180
495	38.8	180
496	32.4	180
497	39.2	180
498	48.8	180
499	44	180
1	2.8	20
2	4.4	80
3	3.6	80
4	2.4	80
5	2.8	80
6	6	80
7	8	80
8	3.6	80
9	9.2	80
10	7.2	80
11	7.6	80
12	10.8	80
13	15.2	80
14	15.2	120
15	15.2	120
16	12.8	120
17	15.2	120
18	12.8	120
19	10.4	120
20	17.6	120
21	11.6	120
22	12.4	120
23	16.4	120
24	13.2	120
25	18.4	120
26	19.6	120
27	26.4	120
28	20.4	120
29	21.2	120
30	15.2	120
31	19.6	120
32	20	120
33	18.8	120
34	21.2	120
35	20.4	120
36	16	120
37	22.4	120
38	18	120
39	21.6	120
40	16	120
41	16.4	120
42	16.8	120
43	15.6	120
44	25.2	120
45	18.4	120
46	19.2	120
47	21.6	120
48	23.6	140
49	15.6	140
50	19.2	140
51	19.6	140
52	17.2	140
53	24.4	140
54	20.8	140
55	22.4	140
56	21.6	140
57	26.8	140
58	22.8	140
59	24.4	140
60	28.4	140
61	26.4	140
62	36	140
63	19.2	140
1	5.6	40
2	4.8	40
3	4.8	80
4	6.4	80
5	9.6	80
6	10.4	80
7	18.4	80
8	24.4	80
9	18.4	80
10	25.6	80
11	19.2	80
12	24	80
13	20.4	80
14	24	80
15	26.8	100
16	25.2	100
17	27.6	100
18	24.8	100
19	22.8	100
20	20	100
21	27.6	100
22	26	100
23	21.2	100
24	19.2	100
25	18.4	100
26	20.4	100
27	23.6	100
28	22.8	100
29	27.6	100
30	20	100
31	22.4	100
32	11.6	100
33	10.8	100
34	20.4	100
35	18	100
36	21.6	100
37	24	100
38	22.8	100
39	23.2	100
40	27.2	100
41	20.8	100
42	26.4	100
43	25.2	100
44	20.4	100
45	21.2	100
46	19.2	100
47	17.6	100
48	20.8	100
49	25.2	100
50	15.2	100
51	19.2	100
52	17.2	100
53	21.6	100
54	18	100
55	27.6	100
56	26.4	100
57	25.2	100
58	20	100
59	23.2	100
60	24.8	100
61	26.8	100
62	26.4	100
63	26.8	100
64	20	100
65	30	100
66	28	100
67	25.6	100
68	20.8	120
69	18.4	120
70	25.6	120
71	19.2	120
72	23.6	120
73	27.6	120
74	25.2	120
75	26.8	120
76	23.2	120
77	30.4	120
78	25.2	120
79	23.2	120
80	26.8	120
81	24.8	120
82	30	120
83	35.6	120
84	30	120
85	26.4	120
86	20.4	120
87	24	120
88	21.6	120
89	16.4	120
90	24	120
91	22.4	120
92	21.2	120
93	22	120
94	20.4	120
95	18.4	120
96	22	120
97	19.2	120
98	22	120
99	18.4	120
100	16.8	120
101	19.6	120
102	25.2	120
103	21.6	120
104	20.8	120
105	22	120
106	22.8	120
107	29.6	120
108	34.4	120
109	28.8	120
110	23.2	120
111	28.4	120
112	26.4	120
113	28.8	120
114	29.6	120
115	24.8	120
116	32	120
117	28.4	120
118	23.6	120
119	18.4	120
120	29.6	120
121	21.2	120
122	21.6	120
123	16.8	120
124	21.2	120
125	13.6	120
126	21.2	120
127	20	120
128	22.4	120
129	24.8	120
130	17.6	120
131	28.4	120
132	24.8	120
133	21.6	120
134	16	120
135	24.4	120
136	21.6	120
137	20.4	120
138	24.8	120
139	22	120
140	28	120
141	36.8	120
142	28	120
143	26.4	120
144	21.6	120
145	26	120
146	26	120
147	30.4	120
148	25.2	120
149	33.2	120
150	28.4	120
151	17.2	120
152	20.4	120
153	26	120
154	26.4	120
155	19.6	120
156	23.2	120
157	20.8	120
158	28.4	120
159	21.2	120
160	19.2	120
161	24	120
162	22.4	120
163	20	120
164	19.6	120
165	19.6	120
166	12	120
167	14	120
168	27.6	120
169	18	120
170	18	120
171	24	120
172	22.4	120
173	18.8	120
174	18.8	120
175	24.4	120
176	23.6	120
177	25.2	120
178	27.2	120
179	19.2	120
180	15.6	120
181	13.2	120
182	18.8	120
183	19.2	120
184	13.6	120
185	12.4	120
186	18	120
187	18	120
188	25.6	120
189	19.2	120
190	20.8	120
191	19.6	120
192	18	120
193	18	120
194	16	120
195	21.2	120
196	16	120
197	16.4	120
198	11.2	120
199	17.6	120
200	16.8	120
201	18.4	120
202	25.6	120
203	16	120
204	16	120
205	16	120
206	10	120
207	16	120
208	12	120
209	32.4	120
210	25.2	120
211	19.2	120
212	21.2	120
213	22.4	120
214	18	120
215	18.4	120
216	25.6	120
217	18.8	120
218	22.4	120
219	14.4	120
220	22	120
221	17.6	120
222	25.2	120
223	17.6	120
224	20	120
225	22.8	120
226	24	120
227	22.4	120
228	25.6	120
229	26	120
230	26.8	120
231	24	120
232	24.4	120
233	24.8	120
234	20.4	120
235	17.2	120
236	22.4	120
237	18	120
238	14.8	120
239	18.4	120
240	13.2	120
241	14.8	120
242	10	120
243	14.8	120
244	17.6	120
245	19.6	120
246	26	120
247	26	120
248	19.6	120
249	22	120
250	19.2	120
251	17.2	120
252	17.2	120
253	16	120
254	23.2	120
255	20.8	120
256	24.8	120
257	18.4	120
258	24.4	120
259	20	120
260	23.6	120
261	22.4	120
262	18	120
263	16	120
264	21.6	120
265	20	120
266	12.8	120
267	13.6	120
268	16	120
269	21.2	120
270	16.8	120
271	24.8	120
272	26.4	120
273	28.4	120
274	24	120
275	32	120
276	24.8	120
277	25.2	120
278	20.8	120
279	29.2	120
280	20.4	120
281	30	120
282	27.6	120
283	23.6	120
284	28	120
285	25.6	120
286	15.2	120
287	20.8	120
288	17.2	120
289	19.2	120
290	22.8	120
291	20	120
292	27.2	120
293	28.4	120
294	18.8	120
295	17.2	120
296	26	120
297	27.6	120
298	20.8	120
299	26.8	120
300	22	120
301	25.6	120
302	26.8	120
303	26.4	120
304	21.2	120
305	31.6	120
306	27.6	120
307	20.4	120
308	23.6	120
309	42	120
310	39.6	120
311	46	140
312	28.4	140
313	35.2	140
314	36.8	140
315	24.8	140
316	31.2	140
317	29.2	140
318	37.6	140
319	26.8	140
320	29.2	140
321	31.2	140
322	32.8	140
323	27.6	140
324	28.4	140
325	24	140
326	28.4	140
327	28	140
328	28.4	140
329	29.6	140
330	31.2	140
331	32.8	140
332	38	140
333	42.8	140
334	30	140
335	33.2	140
336	31.2	140
337	28	140
338	24	140
339	28.4	140
340	22	140
341	27.6	140
342	18.4	140
343	20	140
344	23.6	140
345	24.4	140
346	25.2	140
347	25.2	140
348	20	140
349	15.6	140
350	26	140
351	25.2	140
352	24.4	140
353	25.6	140
354	25.2	140
355	26	140
356	15.6	140
357	25.6	140
358	28.8	140
359	25.2	140
360	33.6	140
361	22.4	140
362	32.8	140
363	32	140
364	27.2	140
365	22.8	140
366	36.4	140
367	26.4	140
368	28.8	140
369	29.6	140
370	33.2	140
371	33.2	140
372	33.2	140
373	46.8	140
374	43.2	140
375	35.2	140
376	38.4	140
377	37.6	140
378	28.4	140
379	27.6	140
380	29.2	140
381	33.2	140
382	35.2	140
383	31.2	140
384	32	140
385	29.6	140
386	36.8	140
387	40.8	140
388	29.2	140
389	44	140
390	32	140
391	32	140
392	33.6	140
393	32	140
394	35.6	140
395	26	140
396	24	140
397	30.4	140
398	29.6	140
399	33.2	140
400	18.4	140
401	29.6	140
402	36	140
403	28.4	140
404	33.6	140
405	25.2	140
406	22.4	140
407	43.2	140
408	24	140
409	38.4	140
410	35.6	140
411	24	140
412	32.4	140
413	40.8	140
414	38	140
415	44	140
416	32	140
417	44.4	140
418	40.4	140
419	36.4	140
420	47.2	140
421	42	140
422	37.2	140
423	36.4	140
424	42.4	140
425	29.6	140
426	30.4	140
427	36.4	140
428	41.2	140
429	33.2	140
430	22.4	140
431	26	140
432	32.8	140
433	33.2	140
434	30.4	140
435	35.2	140
436	24	140
437	29.2	140
438	45.6	160
439	35.2	160
440	38.4	160
441	28	160
442	31.2	160
443	32	160
444	40.4	160
445	36.8	160
446	26.4	160
447	36	160
448	37.6	160
449	33.6	160
450	39.6	160
451	38.8	160
452	44.8	160
453	44.4	160
454	41.6	160
455	42.4	160
456	41.2	160
457	44	160
458	54	160
459	33.2	160
460	34.4	160
461	39.2	160
462	41.2	160
463	54	160
464	34	160
465	42.8	160
466	43.2	160
467	42.8	160
468	41.6	160
469	41.2	160
470	29.2	160
471	40.8	160
472	40.4	160
473	41.6	160
474	43.6	160
475	50.4	160
476	42.8	160
477	32.8	160
478	30	160
479	26.4	160
480	36.4	160
481	36.4	160
482	46	160
483	42.4	160
484	46.4	160
485	39.2	160
486	49.2	160
487	41.6	160
488	43.2	160
489	34	160
490	37.2	160
491	40.4	160
492	48.8	160
493	39.2	160
494	40.8	160
495	26.4	160
496	42.8	160
497	22.8	160
498	32.4	160
499	34.8	160
1	6	80
2	3.2	80
3	3.2	80
4	3.2	80
5	6.8	80
6	4.4	80
7	4.4	80
8	8	80
9	6	80
10	6.8	80
11	6.4	80
12	6.4	80
13	10	80
14	8.4	80
15	11.6	80
16	14	80
17	14.8	80
18	13.6	80
19	11.2	80
20	16.8	120
21	19.6	120
22	22	120
23	18.4	120
24	14	120
25	11.6	120
26	6.4	120
27	9.6	120
28	14	120
29	17.6	120
30	16	120
31	13.6	120
32	15.6	120
33	14	120
34	10.8	120
35	12	120
36	11.2	120
37	9.6	120
38	7.2	120
39	4.4	120
40	13.6	120
41	13.2	120
42	15.6	120
43	23.6	120
44	18.8	120
45	13.2	120
46	18	120
47	18.4	120
48	14	120
49	22	120
50	14.4	120
51	11.6	120
52	17.6	120
53	20.4	120
54	19.2	120
55	16	120
56	15.2	120
57	14.8	120
58	19.2	120
59	18.4	120
60	14.4	120
61	8.4	120
62	6	120
63	6.8	120
64	12.4	120
65	14.8	120
66	8	120
67	10.4	120
68	13.2	120
69	7.6	120
70	13.6	120
71	15.2	120
72	10.4	120
73	11.6	120
74	20	120
75	20	120
76	19.6	120
77	22.8	120
78	16.8	120
79	10.4	120
80	15.6	120
81	15.2	120
82	20.8	120
83	15.2	120
84	14.8	120
85	15.6	120
86	21.2	120
87	26.8	120
88	20.4	120
89	18.8	120
90	16.8	120
91	11.6	120
92	10.4	120
93	11.2	120
94	11.6	120
95	9.2	120
96	12.4	120
97	10.4	120
98	8	120
99	13.2	120
100	14.8	120
101	14.4	120
102	18.8	120
103	16.8	120
104	9.6	120
105	9.6	120
106	12.8	120
107	11.6	120
108	12.4	120
109	8.8	120
110	10.8	120
111	10.8	120
112	8	120
113	10.4	120
114	14	120
115	14.8	120
116	11.6	120
117	7.2	120
118	14	120
119	12.4	120
120	11.2	120
121	9.2	120
122	11.6	120
123	10.8	120
124	12	120
125	12.8	120
126	14.8	120
127	18.8	120
128	18.4	120
129	14.8	120
130	13.6	120
131	18.4	120
132	14	120
133	16.4	120
134	15.2	120
135	12.4	120
136	17.6	120
137	13.2	120
138	16	120
139	11.2	120
140	14	120
141	22.4	120
142	14.8	120
143	14	120
144	13.2	120
145	16.4	120
146	14.8	120
147	11.6	120
148	16.4	120
149	18	120
150	12.8	120
151	21.2	120
152	18.4	120
153	21.6	120
154	24.4	120
155	28.8	120
156	34.4	120
157	26	120
158	27.2	120
159	30.4	120
160	32.4	120
161	23.6	120
162	30.8	120
163	29.2	120
164	25.6	120
165	23.2	120
166	24	120
167	27.6	120
168	20.8	120
169	20.8	120
170	24.4	120
171	20	120
172	26.4	120
173	41.6	140
174	22.8	140
175	23.6	140
176	35.2	140
177	20.4	140
178	21.6	140
179	31.2	140
180	27.6	140
181	28.8	140
182	30.4	140
183	36	140
184	25.2	140
185	27.6	140
186	24	140
187	18.4	140
188	22.8	140
189	23.6	140
190	26.4	140
191	34	140
192	40.4	140
193	42.8	140
194	28.8	140
195	41.6	140
196	40.8	140
197	33.2	140
198	34	140
199	30.8	140
200	34	140
201	30.4	140
202	25.6	140
203	28.8	140
204	24.4	140
205	35.6	140
206	35.2	140
207	34.8	140
208	17.6	140
209	24.8	140
210	20.4	140
211	28.4	140
212	23.6	140
213	22	140
214	28	140
215	24.8	140
216	37.6	140
217	31.2	140
218	33.6	140
219	18.4	140
220	24.8	140
221	25.6	140
222	33.6	140
223	30.4	140
224	42.4	140
225	44.8	140
226	35.2	140
227	22.4	140
228	34.4	140
229	31.2	140
230	31.2	140
231	40	140
232	36	140
233	32	140
234	40.8	140
235	36	140
236	33.6	140
237	32.8	140
238	32	140
239	36.8	140
240	41.6	140
241	37.6	140
242	32.8	140
243	52.8	140
244	43.2	140
245	34.4	140
246	39.2	140
247	28	140
248	25.6	140
249	37.6	140
250	31.2	140
251	37.6	140
252	42.4	140
253	50.4	140
254	43.2	140
255	42.8	140
256	39.6	140
257	28.4	140
258	41.6	140
259	36.8	140
260	44.4	140
261	36.8	140
262	53.2	140
263	49.2	140
264	35.2	140
265	32	140
266	33.2	140
267	44.4	140
268	40	140
269	36	140
270	39.6	140
271	36	140
272	29.6	140
273	27.6	140
274	33.6	140
275	30.8	140
276	22.4	140
277	39.6	140
278	33.6	140
279	39.2	140
280	34	140
281	35.2	140
282	46.8	140
283	40.4	140
284	43.2	140
285	36	140
286	55.2	140
287	36.4	140
288	28	140
289	23.2	140
290	44.8	140
291	34	140
292	37.2	140
293	41.2	140
294	43.6	140
295	32.4	140
296	39.6	140
297	52	140
298	40	140
299	43.2	140
300	39.6	140
301	40.4	140
302	41.6	140
303	31.2	140
304	40.4	140
305	46.4	140
306	30.4	140
307	35.2	140
308	34.4	140
309	36.4	140
310	35.2	140
311	28.8	140
312	30.8	140
313	45.6	140
314	41.2	140
315	40	140
316	30.4	140
317	43.2	140
318	46.8	140
319	47.6	140
320	52	140
321	42.8	140
322	50.8	140
323	44.4	140
324	46	140
325	35.6	140
326	44	140
327	40.4	140
328	34.8	140
329	41.2	140
330	36	140
331	34.8	140
332	46.4	140
333	32	140
334	36.8	140
335	35.6	140
336	46	140
337	30.4	140
338	34.8	140
339	40	140
340	44.8	140
341	40	140
342	55.2	140
343	36	140
344	32.8	140
345	33.2	140
346	42.4	140
347	35.6	140
348	40	140
349	42	140
350	41.2	140
351	38.8	140
352	41.2	140
353	24.8	140
354	35.2	140
355	40	140
356	40	140
357	37.2	140
358	32.8	140
359	28.4	140
360	22.8	140
361	26.4	140
362	36	140
363	32	140
364	33.2	140
365	30.8	140
366	37.2	140
367	31.2	140
368	22.8	140
369	36	140
370	29.2	140
371	33.6	140
372	48.4	140
373	34	140
374	30.8	140
375	39.2	140
376	40	140
377	41.6	140
378	44	140
379	28	140
380	40.8	140
381	48.8	140
382	48.4	140
383	51.6	140
384	35.2	140
385	52.8	140
386	58.4	140
387	43.6	140
388	54.4	140
389	47.6	140
390	34.8	140
391	46.8	140
392	37.6	140
393	37.6	140
394	52.4	140
395	44.4	140
396	33.2	140
397	50.4	140
398	48	140
399	36	140
400	31.6	140
401	43.6	140
402	41.6	140
403	43.6	140
404	41.6	140
405	44.4	140
406	44.8	140
407	50.4	140
408	48.8	140
409	37.2	140
410	42.8	140
411	49.2	140
412	34	140
413	35.6	140
414	32.8	140
415	36.4	140
416	30.8	140
417	45.6	140
418	31.6	140
419	48	140
420	46.8	140
421	47.2	140
422	23.2	140
423	34.8	140
424	41.6	140
425	48	140
426	53.2	140
427	47.6	140
428	42.4	140
429	35.6	140
430	51.2	140
431	51.6	140
432	50.8	140
433	45.6	140
434	44.8	140
435	42.4	140
436	51.2	140
437	43.2	140
438	42	140
439	55.2	140
440	45.6	140
441	44	140
442	50	140
443	56.8	140
444	38	140
445	54	140
446	42	140
447	30.8	140
448	43.2	140
449	47.2	140
450	42	140
451	42	140
452	41.6	140
453	42	140
454	33.2	140
455	34.4	140
456	44.8	140
457	35.2	140
458	30.8	140
459	35.6	140
460	40.8	140
461	37.2	140
462	35.6	140
463	26.8	140
464	21.6	140
465	27.6	140
466	31.2	140
467	32.8	140
468	34.8	140
469	39.2	140
470	33.2	140
471	30.4	140
472	35.6	140
473	39.6	140
474	30.4	140
475	32.8	140
476	39.6	140
477	42.8	140
478	34	140
479	29.6	140
480	34	140
481	44.4	140
482	40.8	140
483	34	140
484	40.8	140
485	32.8	140
486	36	140
487	40	140
488	35.2	140
489	43.6	140
490	39.6	140
491	38.8	140
492	46.4	140
493	40.4	140
494	46.8	140
495	45.2	140
496	34.4	140
497	41.2	160
498	36	160
499	35.2	160
1	2.4	40
2	2.8	40
3	6.4	60
4	6.4	60
1	0	0
2	0.8	20
3	0.8	40
4	2.4	60
5	0.4	60
6	4	80
7	4.8	80
8	6.8	80
9	7.2	80
10	5.6	80
11	12	80
12	8.4	80
13	11.2	80
14	8	80
15	8.8	80
16	9.2	80
17	8.8	80
18	11.2	80
19	8	80
20	12.4	80
21	10.4	80
22	9.2	80
23	16	80
24	15.6	100
25	16.4	100
26	15.2	100
27	15.6	100
28	19.2	100
29	8.8	100
30	12.4	100
31	18	100
32	19.6	100
33	17.2	100
34	21.6	100
35	20.8	100
36	18.4	100
37	20	100
38	17.6	100
39	19.2	100
40	17.2	100
41	16.4	100
42	19.6	100
43	12.8	100
44	11.2	100
45	24	100
46	20.8	100
47	15.2	100
48	20	100
49	18.4	100
50	16.8	100
51	16.8	100
52	16.8	100
53	18.4	100
54	21.6	100
55	10.4	100
56	15.2	100
57	8	100
58	9.6	100
59	7.2	100
60	10.4	100
61	4.8	100
62	8.8	100
63	2.4	100
64	3.2	100
65	6.4	100
66	11.2	100
67	14	100
68	9.6	100
69	12.4	100
70	13.2	100
71	16.8	100
72	18.8	100
73	18.8	100
74	27.6	100
75	20.4	100
76	26.4	100
77	23.6	100
78	16.8	100
79	14.8	100
80	16	100
81	17.6	100
82	22.4	100
83	24.8	100
84	25.2	100
85	24	100
86	15.6	100
87	21.2	100
88	24.8	100
89	24	100
90	20.4	100
91	31.2	100
92	44	100
93	37.2	100
94	29.2	100
95	23.6	100
96	25.6	100
97	30.4	100
98	19.6	100
99	29.6	100
100	34.8	100
101	23.6	100
102	35.2	100
103	30.8	100
104	32.8	100
105	30.4	100
106	36.4	100
107	29.6	100
108	28.4	100
109	34	100
110	30	100
1	2.4	60
2	2.4	60
3	0.8	60
4	0.8	60
5	1.2	60
6	2.4	60
7	2.4	60
8	6	80
9	5.2	80
10	11.6	80
11	20.4	80
12	21.2	100
13	19.6	100
14	12	100
15	18.4	100
16	18.8	100
17	22.4	100
18	18.8	100
19	27.2	100
20	28.4	100
21	19.2	100
22	25.6	100
23	29.6	100
24	29.2	100
25	37.2	100
26	36.8	100
27	23.6	100
28	32.4	100
29	33.2	100
30	32.8	100
31	32.4	100
32	29.2	100
33	15.6	100
34	31.6	100
35	24	100
36	20.4	100
37	36.4	100
38	34.8	100
39	31.6	100
40	36	100
41	40	100
42	32.8	100
43	32.4	100
44	40.4	100
45	33.2	100
46	48.4	100
47	31.2	100
48	35.2	100
49	20.8	100
50	30	100
51	33.2	100
52	31.2	100
53	31.6	100
54	33.6	100
55	37.2	100
56	36.8	100
57	31.2	100
58	46.4	100
59	37.6	100
60	36.4	100
61	39.2	100
62	46.4	100
63	35.2	100
64	33.2	100
65	30	100
66	34.4	100
67	43.6	100
68	34.8	100
69	40.8	100
70	29.2	100
71	40	100
72	32.4	100
73	16	100
74	26.4	100
75	28	100
76	44	100
77	49.6	100
78	31.2	100
79	38.4	100
80	44.8	100
81	30.4	100
82	32	100
83	32.8	100
84	39.2	100
85	44.8	100
86	47.2	100
87	15.2	100
88	19.2	100
89	14.4	100
90	14.4	100
91	14.4	100
92	15.2	100
93	20	100
94	13.6	100
95	19.2	100
96	15.2	100
97	8.8	100
98	12.8	100
99	11.2	100
100	14.4	100
101	16	100
102	8.8	100
103	16	100
104	7.2	100
105	12.8	100
106	12.8	100
107	27.2	100
108	12	100
109	10.4	100
110	16.8	100
111	18.4	100
112	19.2	100
113	12.4	100
114	15.6	100
115	8.4	100
116	11.2	100
117	18.8	100
118	15.6	100
119	19.2	100
120	21.6	100
121	15.2	100
122	16	100
123	12.8	100
124	10.8	100
125	8.4	100
126	18.8	100
127	17.2	100
128	19.6	100
129	18.8	100
130	20.4	100
131	14.4	100
132	17.2	100
133	12.8	100
134	10.8	100
135	9.2	100
136	14	100
137	14.4	100
138	12.8	100
139	13.2	100
140	9.6	100
141	11.2	100
142	11.2	100
143	14.4	100
144	8.4	100
145	10	100
146	10	100
147	7.2	100
148	7.6	100
149	11.6	100
150	15.2	100
151	12.4	100
152	7.2	100
153	14.8	100
154	14.8	100
155	9.2	100
156	16.4	100
157	20	100
158	20	100
159	23.2	100
160	18	100
161	19.2	100
162	22	100
163	15.2	100
164	17.2	100
165	16.4	100
166	20	100
167	16.8	100
168	16	100
169	12.8	100
170	18.8	100
171	17.2	100
172	22.4	100
173	20	100
174	20	100
175	18	100
176	22.8	100
177	17.6	100
178	19.2	100
179	19.6	100
180	24	100
181	23.6	100
182	23.2	100
183	20.8	100
184	22.8	100
185	23.2	100
186	18	100
187	24	100
188	14	100
189	22.8	100
190	28	100
191	16.8	100
192	26	100
193	27.2	100
194	23.6	100
195	22.8	100
196	19.6	100
197	23.6	100
198	14.8	100
199	21.6	100
200	22.4	100
201	16.4	100
202	16	100
203	15.6	100
204	19.6	100
205	22	100
206	28.4	100
207	16.4	100
208	15.6	100
209	16	100
210	17.6	100
211	17.2	100
212	15.6	100
213	21.6	100
214	21.6	100
215	24.4	100
216	21.2	100
217	24.4	100
218	20	100
219	23.6	100
220	24.4	100
221	26.8	100
222	22.4	100
223	20.8	100
224	22.8	100
225	25.6	100
226	18	100
227	18.4	100
228	24.8	100
229	30.8	100
230	29.2	100
231	28.4	100
232	30.4	100
233	34.4	100
234	22.4	100
235	38	100
236	31.6	100
237	29.6	100
238	22.4	100
239	24	100
240	23.6	100
241	27.6	100
242	20.4	100
243	26.8	100
244	22	100
245	16.8	100
246	18.8	100
247	20.4	100
248	16	100
249	22.8	100
250	18	100
251	27.6	100
252	20.8	100
253	15.2	100
254	22.8	100
255	17.6	100
256	23.6	100
257	24.4	100
258	22.8	100
259	27.2	100
260	24	100
261	21.6	100
262	33.6	100
263	23.2	100
264	20.8	100
265	22	100
266	29.6	100
267	24	100
268	33.2	100
269	19.2	100
270	24.8	100
271	21.6	100
272	22.4	100
273	22.8	100
274	34	100
275	31.6	100
276	21.6	100
277	21.2	100
278	24	100
279	30	100
280	28.8	100
281	28	100
282	28.8	100
283	39.6	100
284	31.6	100
285	29.6	100
286	38	100
287	31.6	100
288	27.2	100
289	22.8	100
290	33.2	100
291	26	100
292	34	100
293	22	100
294	26.8	100
295	31.2	100
296	20.4	100
297	14.4	100
298	16.4	100
299	14	100
300	26	100
301	10.4	100
302	17.6	100
303	30.4	100
304	22.8	100
305	19.2	100
306	19.6	100
307	21.2	100
308	15.2	100
309	22.8	100
310	17.6	100
311	24.8	100
312	22.8	100
313	16.8	100
314	15.2	100
315	24.4	100
316	21.2	100
317	24.8	100
318	16.8	100
319	25.2	100
320	24.8	100
321	29.2	100
322	32.4	100
323	26	100
324	27.2	100
325	25.2	100
326	28	100
327	30.4	100
328	26.4	100
329	35.2	100
330	31.2	100
331	32	100
332	33.2	100
333	34.4	100
334	35.2	100
335	36.4	100
336	41.6	100
337	37.6	100
338	26	100
339	29.6	100
340	28.4	100
341	33.2	100
342	35.6	100
343	38.8	100
344	39.2	100
345	30	100
346	40	100
347	26	100
348	18	100
349	20.4	100
350	31.6	100
351	19.6	100
352	36.8	100
353	36	100
354	30	100
355	35.2	100
356	26	100
357	30.4	100
358	23.6	100
359	40	100
360	35.6	100
361	23.6	100
362	29.2	100
363	23.6	100
364	20.8	100
365	26.4	100
366	24.8	100
367	36	100
368	31.6	100
369	26.4	100
370	22.8	100
371	23.2	100
372	31.6	100
373	28.8	100
374	34.8	100
375	28.4	100
376	19.2	100
377	28	100
378	25.2	100
379	30.8	100
380	20.8	100
381	21.2	100
382	27.6	100
383	22.8	100
384	24.8	100
385	42	100
386	25.2	100
387	32.8	100
388	27.2	100
389	17.2	100
390	24.4	100
391	24.8	100
392	20.8	100
393	26.8	100
394	36	100
395	30	100
396	13.2	100
397	29.2	100
398	26	100
399	32	100
400	26.8	100
401	31.6	100
402	22.4	100
403	25.2	100
404	31.2	100
405	31.6	100
406	32	100
407	25.6	100
408	27.2	100
409	25.6	100
410	30.8	100
411	19.2	100
412	30.8	100
413	31.6	100
414	40.8	100
415	22.8	100
416	28	100
417	30.8	100
418	31.2	100
419	34.8	100
420	32.8	100
421	29.6	100
422	29.2	100
423	30.4	100
424	37.2	100
425	34.4	100
426	35.2	100
427	32.4	100
428	40.4	100
429	29.6	100
430	32.8	100
431	28.8	100
432	26	100
433	22	100
434	32.8	100
435	22.8	100
436	22.8	100
437	24.8	100
438	24.4	100
439	28.8	100
440	24	100
441	34.8	100
442	35.2	100
443	33.2	100
444	36.4	100
445	30.4	100
446	29.6	100
447	23.2	100
448	33.6	100
449	18.8	100
450	24	100
451	32	100
452	26.4	100
453	42.8	100
454	27.6	100
455	40.8	100
456	34.8	100
457	38	100
458	40.4	100
459	34.8	100
460	31.6	100
461	37.6	100
462	38	100
463	44.4	100
464	28.4	100
465	31.2	100
466	32.8	100
467	39.2	100
468	32.4	100
469	42.8	100
470	38.4	100
471	37.6	100
472	36.4	100
473	40.8	100
474	43.6	100
475	30.4	100
476	43.6	100
477	38	100
478	41.2	100
479	30	100
480	35.2	100
481	33.2	100
482	36	100
483	35.6	100
484	45.2	100
485	41.2	100
486	44	100
487	39.2	100
488	46	100
489	30.4	100
490	38	100
491	43.2	100
492	40	100
493	30.4	100
494	43.2	100
495	43.2	100
496	30.8	100
497	34.4	100
498	32	100
499	34.4	100
1	1.6	20
2	4.4	60
3	5.2	80
4	5.2	80
5	8.4	100
6	26.4	100
7	39.2	100
8	31.2	100
9	57.2	100
10	54	100
11	52	100
12	67.2	100
13	68.8	100
14	56.4	100
15	57.6	100
16	63.2	100
17	59.6	100
18	62.4	100
19	50.4	100
20	52.4	100
21	37.6	100
22	48.8	100
23	42.8	100
24	53.2	100
25	62	100
26	48.8	100
27	51.6	100
28	51.2	100
29	50	100
30	60.8	100
31	46	100
32	58.4	100
33	44.8	100
34	61.2	100
35	57.6	100
36	72	100
37	64.4	100
38	56.8	100
39	55.2	100
40	47.2	100
41	63.2	100
42	58.8	100
43	58.4	100
44	50.8	100
45	39.6	100
46	33.6	100
47	45.6	100
48	45.2	100
49	42	100
50	29.2	100
51	33.2	100
52	39.2	100
53	45.6	100
54	46	100
55	40	100
56	32	100
57	32	100
58	37.6	100
59	39.6	100
60	26.8	100
61	33.2	100
62	43.2	100
63	25.6	100
64	40	100
65	44.4	100
66	38	100
67	37.6	100
68	39.6	100
69	29.2	100
70	34.4	100
71	33.6	100
72	35.6	100
73	42.8	100
74	35.2	100
75	36.8	100
76	36.8	100
77	43.6	100
78	37.6	100
79	44.4	100
80	40	100
81	35.2	100
82	33.6	100
83	48	100
84	43.6	100
85	48.4	100
86	36	100
87	45.2	100
88	36.4	100
89	39.6	100
90	37.2	100
91	44.4	100
92	40.8	100
93	40.4	100
94	46.4	100
95	51.6	100
96	58.4	100
97	38.8	100
98	40.8	100
99	48.8	100
100	42	100
101	51.6	100
102	41.2	100
103	44.4	100
104	37.6	100
105	54.4	100
106	45.2	100
1	0	0
2	0.4	20
3	0	20
4	0	20
5	0	20
6	0	20
7	0.4	20
8	0.8	20
9	0.8	20
10	0	20
11	0	20
12	0	20
13	0	20
14	0	20
15	0	20
16	0	20
17	0.4	20
18	0	20
19	0	20
20	0.4	20
21	0.8	20
22	0	20
23	0	20
24	0	20
25	0	20
26	0.8	20
27	0	20
28	0	20
29	0.8	20
30	0	20
31	0	20
32	0	20
33	0	20
34	0	20
35	0	20
36	0	20
37	0	20
38	0	20
39	0.8	20
40	0	20
41	0	20
42	0	20
43	0	20
44	0	20
45	0	20
46	0.8	20
47	0	20
48	0	20
49	0.8	20
50	0	20
51	0	20
52	0	20
53	0	20
54	0.8	20
55	0.8	20
56	0	20
57	0.8	20
58	0	20
59	0	20
60	0.8	20
61	0	20
62	0	20
63	0	20
64	0	20
65	0	20
66	0	20
67	0.8	20
68	0.8	20
69	2.4	20
70	0	20
71	0.8	20
72	0	20
73	0.8	20
74	0	20
75	0	20
76	0	20
77	0	20
78	0	20
79	0	20
80	0	20
81	0	20
82	0	20
83	1.6	40
84	0	40
85	0	40
86	0.4	40
87	0	40
88	0	40
89	0	40
90	0.4	40
91	0.4	40
92	0	40
93	0.4	40
94	0	40
95	0	40
96	0	40
97	0	40
98	0.4	40
99	0	40
100	0	40
101	0	40
102	0.4	40
103	0.4	40
104	0	40
105	0.4	40
106	0	40
107	0	40
108	0.4	40
109	0	40
110	0	40
111	0	40
112	0	40
113	0.8	40
114	0.8	40
115	0	40
116	0.4	40
117	0	40
118	0	40
119	0	40
120	0	40
121	0	40
122	0.4	40
123	0	40
124	0	40
125	0	40
126	0	40
127	0	40
128	0	40
129	0	40
130	0.4	40
131	0	40
132	0.4	40
133	0	40
134	0	40
135	0	40
136	0.4	40
137	0	40
138	0.4	40
139	0	40
140	0	40
141	0	40
142	0	40
143	0.4	40
144	0.4	40
145	0	40
146	0	40
147	0	40
148	0	40
149	0	40
150	0.4	40
151	0	40
152	0	40
153	0.4	40
154	0.4	40
155	0	40
156	0	40
157	0.4	40
158	0	40
159	0	40
160	0	40
161	0	40
162	0	40
163	0.4	40
164	0	40
165	0	40
166	0	40
167	0.4	40
168	0.4	40
169	0.8	40
170	0.4	40
171	0	40
172	0	40
173	0	40
174	0	40
175	0	40
176	0.4	40
177	0	40
178	0	40
179	0	40
180	0.4	40
181	0	40
182	0	40
183	0	40
184	0	40
185	0	40
186	0	40
187	0	40
188	0.4	40
189	0.4	40
190	0	40
191	0	40
192	0	40
193	1.6	60
194	0.8	60
195	0.4	60
196	0	60
197	0	60
1	0	0
2	0	0
3	0	0
4	0	0
5	0.8	40
6	0.8	40
7	0.4	40
8	0.4	40
9	0	40
10	0.8	40
11	1.2	40
12	0	40
13	0.4	40
14	0.4	40
15	1.6	60
16	0.4	60
17	0	60
18	0	60
19	0	60
20	0.4	60
21	0	60
22	0.8	60
23	0.8	60
24	0.8	60
25	0.8	60
26	0.4	60
27	0	60
28	0	60
29	0.4	60
30	0	60
31	0	60
32	0.4	60
33	0.8	60
34	0.4	60
35	0.4	60
36	0.4	60
37	0.4	60
38	0.4	60
39	0.8	60
40	0	60
41	0.8	60
42	0.8	60
43	0	60
44	0.4	60
45	1.6	60
46	1.6	60
47	0.4	60
48	1.2	60
49	0.8	60
50	0.4	60
51	0	60
52	0.4	60
53	0	60
54	0	60
55	0	60
56	0	60
57	0	60
58	0	60
59	0	60
60	0	60
61	0	60
62	0.4	60
63	0	60
64	0.4	60
65	0	60
1	0	0
2	0	0
3	0	0
4	0.4	20
5	0.4	20
6	0	20
7	0	20
8	0	20
9	0	20
10	0	20
11	0	20
12	0	20
1	0.8	20
2	0	20
3	0	20
4	0.4	20
5	0.8	40
6	0.4	40
7	0	40
8	0	40
9	0	40
10	0.4	40
11	1.2	40
12	1.6	40
13	2	60
14	0	60
15	0	60
16	0.4	60
17	0.4	60
18	0	60
19	0.8	60
20	0.8	60
21	0	60
22	0	60
23	1.6	60
24	0	60
25	0	60
26	0.4	60
27	0.4	60
28	0.8	60
29	2	60
30	0.4	60
31	0.4	60
32	0.8	60
33	0.8	60
34	0.4	60
35	0.8	60
36	0.4	60
37	0.4	60
38	0	60
39	0	60
40	0.4	60
41	0.4	60
42	0	60
43	0	60
44	0	60
45	0	60
46	0	60
47	0	60
48	0	60
49	0.4	60
50	1.2	60
51	0.4	60
52	0	60
53	0.4	60
54	0.4	60
55	0	60
56	0	60
57	0	60
58	0	60
59	0	60
60	0	60
61	0.4	60
62	0	60
63	0	60
64	0	60
65	1.2	60
66	1.6	60
67	0.4	60
68	0	60
69	0.4	60
70	1.2	60
71	0.8	60
72	0.4	60
73	0.4	60
74	0.4	60
75	1.2	60
76	0.8	60
77	1.6	60
78	0	60
1	0.4	20
2	0.4	20
3	0	20
4	0	20
5	0	20
6	0	20
7	0.8	20
8	0	20
9	0	20
10	0.8	20
11	0.8	20
12	0	20
13	0.4	20
14	0.8	20
15	0.4	20
16	0	20
17	0.8	20
18	0.4	20
19	0.8	20
20	0.4	20
21	0.4	20
22	0	20
23	0.8	20
24	0	20
25	0	20
26	0	20
27	0	20
28	0	20
29	0.8	20
30	1.6	20
31	1.6	20
32	0	20
33	0	20
1	0	0
2	0	0
3	0	0
4	0.4	20
5	0.4	20
6	0.8	20
7	0	20
8	0.4	20
9	0	20
10	0.8	20
11	0	20
12	0	20
13	0	20
14	0	20
15	0.4	20
16	0	20
17	0.4	20
18	0.4	20
19	0	20
20	0.4	20
21	0	20
22	0.4	20
23	0.4	20
24	0.8	20
25	0.8	20
26	0.8	20
27	0.4	20
28	0.8	20
29	0	20
30	0	20
31	0.8	20
32	0.4	20
33	0.8	20
34	0.8	20
35	0.8	40
36	0	40
37	0.4	40
38	1.6	40
39	0.8	40
40	0.8	40
41	0.8	40
42	0	40
43	0.4	40
44	0.4	40
45	0.4	40
46	0.4	40
47	0	40
48	0	40
49	0.4	40
50	0.4	40
51	0.8	40
52	1.2	40
53	0	40
54	1.2	40
55	2.8	40
56	1.6	40
57	4	40
58	0.8	40
59	3.2	40
60	0.8	40
61	1.6	40
62	0	40
63	1.6	40
64	0.8	40
65	0.8	40
66	2.4	40
67	0	40
68	1.6	40
69	2.4	40
70	0.8	40
71	2.4	40
72	1.6	40
73	1.6	40
74	0.8	40
75	0	40
76	0	40
77	0.8	40
78	0	40
79	2.4	40
80	0.8	40
81	5.6	40
82	4	40
83	4.8	60
84	8	60
85	6.4	60
86	1.6	60
87	4.8	60
88	0	60
89	0	60
90	0.8	60
91	2.4	60
92	5.6	80
93	8.8	80
94	0.8	80
95	0	80
96	1.6	80
97	1.6	80
98	1.6	80
99	0.8	80
100	2.4	80
101	4	80
102	0.8	80
103	2.4	80
104	2.4	80
105	2.4	80
106	2.4	80
107	1.6	80
108	4	80
109	4.8	80
110	6.4	80
111	1.6	80
112	3.2	80
113	2.4	80
114	0	80
115	3.2	80
116	0.8	80
117	0	80
118	0.8	80
119	0.8	80
120	0	80
121	0	80
122	2.4	80
123	2.4	80
124	0	80
125	0.8	80
126	1.6	80
127	1.6	80
128	1.6	80
129	1.6	80
130	2.4	80
131	0.8	80
132	0	80
133	0	80
134	0	80
135	0	80
136	0.8	80
137	2.4	80
138	0	80
139	1.6	80
140	0	80
141	0	80
142	0.8	80
143	0.8	80
144	0	80
145	1.6	80
146	1.6	80
147	0	80
148	0	80
149	0	80
150	0.8	80
151	0	80
152	0.8	80
153	0.8	80
154	0.8	80
155	0.8	80
156	0.8	80
157	0	80
158	0.8	80
159	2.4	80
160	1.6	80
161	1.6	80
162	3.2	80
163	4.8	80
164	4	80
165	6.4	80
166	4.8	80
167	8	80
168	8	80
169	4	80
170	6.4	80
171	4.8	80
172	4.8	80
173	8.8	80
174	7.2	80
175	5.6	80
176	5.6	80
177	3.2	80
178	4.8	80
179	4	80
180	4.8	80
181	4	80
182	4	80
183	4	80
184	4.8	80
185	6.4	80
186	2.4	80
187	4.8	80
188	5.6	80
189	3.2	80
190	3.2	80
191	6.4	80
192	8.8	80
193	1.6	80
194	3.2	80
195	7.2	80
196	4.8	80
197	6.4	80
198	4	80
199	4.8	80
200	5.6	80
201	8	80
202	6.4	80
203	4.8	80
204	4	80
205	7.2	80
206	5.6	80
207	5.6	80
208	8.8	80
209	6.4	80
210	6.4	80
211	10.4	80
212	4.8	80
213	6	80
214	2.4	80
215	3.2	80
216	2.8	80
217	3.2	80
218	2.4	80
219	2	80
220	5.6	80
221	6.4	80
222	8	80
223	9.2	80
224	6	80
225	6	80
226	6	80
227	4.4	80
228	5.6	80
229	6.8	80
230	4.4	80
231	6	80
232	2.8	80
233	6.4	80
234	6.4	80
235	3.2	80
236	3.6	80
237	6.4	80
238	4	80
239	9.6	80
240	4.4	80
241	0.8	80
242	2	80
243	3.6	80
244	4.8	80
245	3.2	80
246	5.6	80
247	5.6	80
248	8	80
249	5.6	80
250	7.6	80
251	6.4	80
252	5.6	80
253	1.6	80
254	3.2	80
255	4	80
256	4.8	80
257	4	80
258	4	80
259	2.4	80
260	2.4	80
261	0.8	80
262	0	80
263	0	80
264	0.8	80
265	0.8	80
266	0	80
267	0.8	80
268	0.8	80
269	1.6	80
270	0	80
271	0	80
272	0	80
273	0	80
274	0.4	80
275	0.4	80
276	0	80
277	0.4	80
278	0	80
279	0	80
280	0.8	80
281	0	80
282	0	80
283	0	80
284	0	80
285	0	80
286	0	80
287	0.4	80
288	0.8	80
289	0.8	80
290	0.8	80
291	0.4	80
292	0.4	80
293	0	80
294	0	80
295	0	80
296	0	80
297	0	80
298	0	80
299	0	80
300	0	80
301	0	80
302	0	80
303	0	80
304	0	80
305	0	80
306	0	80
307	0	80
308	0	80
309	0	80
310	0.8	80
311	0	80
312	0	80
313	0	80
314	0	80
315	0	80
316	0	80
317	0	80
318	0	80
319	0	80
320	0	80
321	0	80
322	0	80
323	0	80
324	0	80
325	0	80
326	0	80
327	0	80
328	0	80
329	0	80
330	0	80
331	0	80
332	0	80
333	0	80
334	0	80
335	0	80
336	0	80
337	0	80
338	0	80
339	0	80
340	0	80
341	0	80
342	0	80
343	0	80
344	0	80
345	0.8	80
346	0	80
347	1.6	80
348	0.4	80
349	1.2	80
350	0	80
351	0	80
352	0	80
353	0	80
354	0	80
355	0	80
356	0	80
357	0	80
358	0	80
359	0.8	80
360	0.4	80
361	0	80
362	0.4	80
363	0	80
364	0	80
365	0	80
366	0	80
367	0	80
368	0	80
369	0	80
370	0	80
371	0	80
372	0	80
373	1.2	80
374	0.4	80
375	0.8	80
376	0.8	80
377	0.4	80
378	0	80
379	0	80
380	0.4	80
381	0	80
382	0.4	80
383	0.4	80
384	0	80
385	0	80
386	0.4	80
387	0	80
388	0	80
389	0	80
390	0	80
391	0.4	80
392	0	80
393	0	80
394	0.8	80
395	0	80
396	0	80
397	0	80
398	0	80
399	0	80
400	0	80
401	0	80
402	0	80
403	0	80
404	0	80
405	0	80
406	0	80
407	0	80
408	0	80
409	1.6	80
410	0	80
411	0	80
412	0	80
413	0	80
414	0	80
415	0.4	80
416	0.8	80
417	0	80
418	0.4	80
419	0.4	80
420	2.4	80
421	2	80
422	2.4	80
423	1.2	80
424	0.8	80
425	2	80
426	0.8	80
427	1.6	80
428	2.4	80
429	0.8	80
430	0.8	80
431	0.8	80
432	1.2	80
433	0	80
434	2.4	80
435	0	80
436	0	80
437	0	80
438	0.8	80
439	0	80
440	0	80
441	0	80
442	0.8	80
443	0.8	80
444	0.8	80
445	0.8	80
446	0	80
447	0	80
448	0.8	80
449	0	80
450	0.8	80
451	0.8	80
452	0	80
453	0	80
454	0	80
455	0	80
456	0	80
457	0	80
458	0	80
459	0	80
460	0.8	80
461	1.6	80
462	0.8	80
463	0	80
464	1.6	80
465	1.6	80
466	5.6	80
467	4.8	80
468	4.8	80
469	4	80
470	3.2	80
471	4	80
472	1.6	80
473	0.8	80
474	2.4	80
475	0	80
476	0.8	80
477	0.8	80
478	0	80
479	0.8	80
480	0	80
481	0	80
482	0.8	80
483	0	80
484	0	80
485	0.8	80
486	0	80
487	0	80
488	0	80
489	0	80
490	0	80
491	0	80
492	0.8	80
493	0	80
494	0.4	80
495	0	80
496	0	80
497	0	80
498	0	80
499	0	80
1	0.4	20
2	0.4	20
3	0	20
4	0	20
5	0.4	20
6	0.4	20
7	1.6	20
8	0.4	20
9	0	20
10	0	20
11	0	20
12	0	20
13	0	20
14	0	20
15	0	20
16	0	20
17	0	20
18	0	20
19	0.4	20
20	0.4	20
21	0.4	20
22	0	20
23	0	20
24	0	20
25	0	20
26	0.8	20
27	0	20
28	0	20
29	0	20
30	0	20
31	0.8	20
32	0.8	20
33	0	20
34	0	20
35	0	20
36	0	20
37	0	20
38	0	20
39	3.2	40
40	4	40
41	1.6	40
42	5.6	60
43	9.6	60
44	7.2	60
45	10.4	60
46	10.4	60
47	4	60
48	6.4	60
49	6.4	60
50	7.2	60
51	5.6	60
52	8	60
53	8	60
54	2.4	60
55	6.4	60
56	7.2	60
57	3.2	60
58	10.4	60
59	9.6	60
60	5.6	60
61	4.8	60
62	5.6	60
63	5.6	60
64	7.2	60
65	8.8	60
66	7.2	60
67	11.2	60
68	8	60
69	8.8	60
70	6.4	60
71	6.4	60
72	14.4	60
73	6.4	60
74	1.6	60
75	7.2	80
76	6.4	80
77	4	80
78	4.8	80
79	8	80
80	6.4	80
81	12.8	80
82	6.4	80
83	8	80
84	8	80
85	4	80
86	2.4	80
87	4	80
88	5.6	80
89	4.8	80
90	5.6	80
91	8	80
92	3.2	80
93	4.8	80
94	8	80
95	7.2	80
96	1.2	80
97	8	80
98	9.6	80
99	10	80
100	9.2	80
101	9.6	80
102	8.4	80
103	8.4	80
104	6.8	80
105	5.2	80
106	6.4	80
107	11.2	80
108	7.6	80
109	8.8	80
110	7.6	80
111	11.2	80
112	8	80
113	9.2	80
114	9.6	80
115	7.6	80
116	4.4	80
117	4	80
118	6	80
119	5.2	80
120	5.6	80
121	12	80
122	11.2	80
123	10.4	80
124	6.8	80
125	9.2	80
126	10.4	80
127	5.2	80
128	8.4	80
129	8.4	80
130	6	80
131	9.6	80
132	7.2	80
133	8.4	80
134	10	80
135	8.8	80
136	4	80
137	4.8	80
138	4	80
139	4	80
140	6.4	80
141	6.4	80
142	4	80
143	3.2	80
144	5.6	80
145	8	80
146	4.8	80
147	4	80
148	4	80
149	7.2	80
150	4.8	80
151	10.4	80
152	4	80
153	12.8	80
154	14.4	80
155	2.4	80
156	5.6	80
157	7.2	80
158	5.2	80
159	3.2	80
160	7.2	80
161	6.4	80
162	4.4	80
163	3.2	80
164	6	80
165	4	80
166	5.6	80
167	8.4	80
168	8	80
169	5.2	80
170	2.8	80
171	4.4	80
172	5.6	80
173	4.8	80
174	5.2	80
175	6.8	80
176	8.4	80
177	2.8	80
178	4.4	80
179	6.4	80
180	3.2	80
181	7.2	80
182	6	80
183	4.8	80
184	4	80
185	5.6	80
186	4.4	80
187	5.2	80
188	5.2	80
189	3.6	80
190	8.8	80
191	6.8	80
192	4.4	80
193	6	80
194	4.4	80
195	4.4	80
196	6.4	80
197	5.6	80
198	4.4	80
199	4.8	80
200	4	80
201	5.6	80
202	5.2	80
203	6	80
204	3.6	80
205	4.4	80
206	5.2	80
207	4	80
208	6.4	80
209	10	80
210	2.4	80
211	4.8	80
212	7.6	80
213	4.4	80
214	6.8	80
215	5.6	80
216	6.8	80
217	3.2	80
218	2.8	80
219	4.4	80
220	4	80
221	4	80
222	4.4	80
223	6	80
224	3.6	80
225	4.8	80
226	8	80
227	8.4	80
228	6	80
229	5.2	80
230	6.8	80
231	6.4	80
232	9.2	80
233	8.8	80
234	9.2	80
235	5.6	80
236	7.2	80
237	14.4	80
238	10.4	80
239	7.2	80
240	6.4	80
241	3.2	80
242	6.4	80
243	5.6	80
244	8.8	80
245	4.8	80
246	9.6	80
247	3.2	80
248	4	80
249	5.6	80
250	4.8	80
251	10.4	80
252	12.8	80
253	5.6	80
254	4.8	80
255	3.2	80
256	5.6	80
257	4.8	80
258	8	80
259	4	80
260	8	80
261	8.8	80
262	9.6	80
263	11.2	80
264	5.6	80
265	9.6	80
266	4.8	80
267	11.2	80
268	7.2	80
269	10.4	80
270	8.8	80
271	6.4	80
272	4	80
273	7.2	80
274	7.2	80
275	9.6	80
276	8	80
277	7.2	80
278	6.4	80
279	5.6	80
280	3.2	80
281	6.4	80
282	5.6	80
283	6.4	80
284	4	80
285	5.6	80
286	12	80
287	5.6	80
288	7.2	80
289	8	80
290	8	80
291	11.2	80
292	7.2	80
293	5.6	80
294	9.6	80
295	4	80
296	1.6	80
297	3.2	80
298	6.4	80
299	5.6	80
300	5.6	80
301	0.8	80
302	2.4	80
303	4	80
304	5.6	80
305	7.2	80
306	4	80
307	12	80
308	9.6	80
309	4	80
310	5.6	80
311	0.8	80
312	3.2	80
313	8.8	80
314	2.4	80
315	3.2	80
316	2	80
317	0.8	80
318	0.8	80
319	2	80
320	2	80
321	2.8	80
322	4.4	80
323	6.8	80
324	7.2	80
325	6.4	80
326	5.6	80
327	6.4	80
328	8.4	80
329	8.4	80
330	9.2	80
331	2.4	80
1	0	0
2	0	0
3	0	0
4	0.4	20
5	0.4	20
6	0	20
7	0.8	20
8	0.4	20
9	0	20
10	0	20
11	0	20
12	0.4	20
13	0	20
14	0.4	20
15	0	20
16	1.6	20
17	0.4	20
18	0.8	20
19	0	20
20	0	20
21	0	20
1	0	0
2	0.4	20
3	0.4	20
4	0	20
5	0	20
6	0.8	20
7	0.4	20
8	0	20
9	0.4	20
10	0	20
11	0	20
12	0	20
13	0	20
14	0.4	20
15	0	20
16	0	20
17	0	20
18	0.4	20
19	0.4	20
20	0	20
21	0	20
22	1.2	20
23	0	20
24	0	20
25	0	20
26	0	20
27	0	20
28	4	60
29	0.8	60
30	0	60
31	0	60
32	0	60
33	0	60
34	0	60
35	0	60
36	0	60
37	0	60
38	0.8	60
39	0	60
40	0	60
41	0	60
42	0	60
43	0	60
44	0	60
1	0.4	20
2	0	20
3	0	20
4	0	20
5	0	20
6	0	20
7	0	20
8	0	20
9	0	20
10	0.4	20
11	0	20
12	0	20
13	0.4	20
14	0	20
15	0	20
16	0.4	20
17	0.4	20
18	0.4	20
19	0	20
20	0	20
21	0	20
22	0	20
23	0	20
24	0	20
25	0	20
26	0	20
27	0	20
28	0	20
29	0	20
30	0	20
31	0	20
32	0.4	20
33	0	20
34	0	20
35	0	20
36	0	20
37	0	20
38	0	20
39	0	20
40	0.4	20
41	0	20
42	0	20
43	0	20
44	0	20
45	0	20
46	0	20
47	0	20
48	0	20
49	0	20
50	0	20
51	0	20
52	0	20
53	0	20
54	0	20
55	0	20
56	0.8	20
57	0	20
58	0	20
59	0	20
60	0	20
61	0	20
62	0	20
63	0	20
64	0	20
1	0	0
2	0	0
3	0.4	20
4	0.4	20
5	0	20
6	0.8	20
7	0	20
8	0	20
9	0	20
10	0	20
11	1.2	20
12	0.8	20
13	0.4	20
14	1.2	20
15	2	40
16	2.8	40
17	1.6	40
18	1.2	40
19	2.8	40
20	0.8	40
21	0.4	40
22	0.8	40
23	0.8	40
24	0	40
25	0	40
26	0.8	40
27	0	40
28	0	40
29	0	40
30	0	40
31	0	40
32	1.2	40
33	1.2	40
34	0.4	40
35	0.4	40
36	3.2	40
37	4.8	40
38	2.4	40
39	1.6	40
40	0.8	40
41	0.8	40
42	2.4	40
43	1.6	40
44	1.6	40
45	4	60
46	0	60
47	2.4	60
48	1.6	60
49	0.8	60
50	0	60
51	0	60
52	0	60
53	0.8	60
54	0	60
55	0	60
56	0.8	60
57	0.8	60
58	0	60
59	0	60
60	0	60
61	0	60
62	0	60
63	0	60
64	0	60
65	0.8	60
66	0	60
67	0.8	60
68	0.4	60
69	0.8	60
70	2.4	60
71	0.8	60
72	0	60
73	0	60
74	0.4	60
75	0.4	60
76	0.4	60
77	0.8	60
78	0	60
79	1.2	60
80	1.2	60
81	0.8	60
82	1.2	60
83	1.2	60
84	2.8	60
85	2.4	60
86	0.4	60
87	3.2	60
88	2	60
89	0.8	60
90	2.4	60
91	2.8	60
92	3.6	60
93	2	60
94	0.8	60
95	1.2	60
96	0.8	60
97	0	60
98	0	60
99	0.4	60
100	0.8	60
101	0.8	60
102	0	60
103	0	60
104	0.8	60
105	0.8	60
106	1.2	60
107	0.4	60
108	0.4	60
109	1.6	60
110	2.4	60
111	1.6	60
112	2	60
113	2	60
114	0.8	60
115	2.4	60
116	3.2	60
117	5.2	60
118	2.4	60
119	5.6	60
120	5.6	60
121	4.4	60
122	2.8	60
123	4	60
124	2.8	60
125	4	60
126	5.6	60
127	5.6	60
128	4.8	60
129	4	60
130	4	60
131	3.2	60
132	5.6	60
133	11.2	60
134	4	60
135	2.4	60
136	3.2	60
137	2.4	60
138	4.8	60
139	2.4	60
140	4	60
141	6.4	60
142	5.6	60
143	6.4	60
144	6.4	60
145	3.2	60
146	6.4	60
147	4	60
148	9.6	60
149	9.6	60
150	4.8	60
151	4.8	60
152	4	60
153	4.8	60
154	7.2	60
155	2.4	60
156	2.4	60
157	7.2	60
158	4.8	60
159	4	60
160	4	60
161	4	60
162	6.4	60
163	3.2	60
164	4.8	60
165	7.2	60
166	4.8	60
167	5.6	60
168	3.2	60
169	6.4	60
170	10.4	60
171	4.8	60
172	5.6	60
173	9.6	60
174	7.2	60
175	5.6	60
176	2.4	60
177	4	60
178	8.8	60
179	4.8	60
180	4.8	60
181	3.2	60
182	3.2	60
183	4	60
184	4	60
185	6.4	60
186	6.4	60
187	5.6	60
188	7.2	60
189	4	60
190	6.4	60
191	10.4	60
192	4.8	60
193	4.8	60
194	8.8	60
195	4.8	60
196	7.2	60
197	10.4	60
198	6.4	60
199	6.4	60
200	5.6	60
201	8	60
202	12	60
203	6.4	60
204	5.6	60
205	4.8	60
206	2.8	60
207	2	60
208	2.4	60
209	3.2	60
210	2.4	60
211	3.2	60
212	1.2	60
213	3.2	60
214	4.4	60
215	6.4	60
216	8	60
217	7.6	60
218	7.2	60
219	2.8	60
220	5.6	60
221	4.4	60
222	2	60
223	2	60
224	4.8	80
225	4.4	80
226	3.6	80
227	4.4	80
228	4.4	80
229	5.6	80
230	3.2	80
231	6.4	80
232	5.6	80
233	7.2	80
234	4	80
235	2	80
236	1.6	80
237	3.2	80
238	1.6	80
239	2.4	80
240	2.4	80
241	0.8	80
242	1.6	80
243	1.6	80
244	1.2	80
245	1.2	80
246	0.4	80
247	1.2	80
248	0.8	80
249	0.4	80
250	0.4	80
251	0.4	80
252	0.8	80
253	1.2	80
254	0	80
255	0	80
256	0.4	80
257	0.4	80
258	0.4	80
259	0	80
260	0	80
261	0	80
262	0	80
263	0	80
264	0	80
265	0	80
266	0	80
267	0	80
268	0	80
269	0	80
270	0	80
271	0.4	80
272	0	80
273	0	80
274	0	80
275	0.4	80
276	0	80
277	0	80
278	0	80
279	0.4	80
280	0.4	80
281	0	80
282	0.8	80
283	0.4	80
284	1.2	80
285	7.2	80
286	4	80
287	0.8	80
288	1.6	80
289	1.6	80
290	4	80
291	0.8	80
292	0	80
293	0	80
294	0	80
295	0	80
296	0	80
297	0	80
298	0	80
299	0	80
300	0	80
301	0	80
302	0.8	80
303	0.8	80
304	1.6	80
305	1.6	80
306	5.6	80
307	4.8	80
308	4	80
309	4.8	80
310	7.2	80
311	8	80
312	3.2	80
313	2.4	80
314	4.8	80
315	5.6	80
316	3.2	80
317	3.2	80
318	3.2	80
319	5.6	80
320	2.4	80
321	4	80
322	3.2	80
323	3.2	80
324	8	80
325	8.8	80
326	5.2	80
327	4.8	80
328	8.8	80
329	6.4	80
330	7.2	80
331	7.6	80
332	8.8	80
333	4.8	80
334	7.2	80
335	6.4	80
336	4.4	80
337	10.4	80
338	6	80
339	8	80
340	6.4	80
341	10.8	80
342	10.4	80
343	7.2	80
344	7.6	80
345	7.6	80
346	6	80
347	8	80
348	4.8	80
349	6.8	80
350	6	80
351	6	80
352	4	80
353	6.8	80
1	0	0
2	0.4	20
3	0.4	20
4	0.4	20
5	0	20
6	0	20
7	0	20
8	0	20
9	1.2	60
10	0.4	60
11	0.8	60
12	1.6	60
13	1.2	60
14	1.6	60
1	0	0
2	0.4	20
3	0.4	20
4	0	20
5	1.2	20
6	0.4	20
7	0.8	20
8	0.4	20
9	0.4	20
10	0.4	20
11	0.4	20
12	1.2	40
13	0	40
14	0	40
15	0	40
16	0	40
17	0.4	40
18	0	40
19	0.4	40
20	0.8	40
21	0	40
22	1.2	40
23	1.2	40
24	0	40
25	0	40
26	0.4	40
27	0.4	40
28	1.2	40
29	0.4	40
30	0	40
31	0	40
32	0	40
33	0	40
34	0.4	40
35	0	40
36	0.4	40
37	0.4	40
38	0	40
39	0	40
40	0	40
41	2	40
42	0.4	40
43	0.8	40
44	0	40
45	0	40
46	0.8	40
47	0.8	40
48	0	40
49	0	40
50	0.4	40
51	0	40
52	0	40
53	0.8	40
54	1.6	40
55	0.4	40
56	0.4	40
57	0	40
58	0	40
59	0.8	40
60	0.8	40
61	1.6	40
62	0	40
63	0.4	40
64	0.4	40
65	0	40
66	0	40
67	0	40
68	0.4	40
69	0	40
70	0	40
71	0	40
72	0.4	40
73	0	40
74	1.2	40
75	0.8	40
76	0.4	40
77	0	40
78	0	40
79	0	40
80	0.4	40
81	0.8	40
82	0	40
83	0	40
84	0	40
85	0	40
86	0.4	40
87	0.4	40
88	0	40
89	0	40
90	0.4	40
91	1.2	40
92	0	40
93	0	40
94	0	40
95	0	40
96	0.4	40
97	0	40
98	0.4	40
99	0	40
100	0	40
101	0	40
102	0	40
103	0	40
104	0.4	40
105	0	40
106	1.2	40
107	0.8	40
108	0.8	40
109	0.4	40
110	0	40
111	0	40
112	0	40
113	0	40
114	0	40
115	0	40
116	0	40
117	0	40
118	0	40
119	0.8	40
120	0	40
121	0	40
122	0	40
123	0.8	40
124	0.8	40
125	0	40
126	0	40
127	2.4	40
128	0	40
129	0	40
130	0	40
131	0	40
132	0.8	40
133	0	40
134	0	40
135	0	40
136	0	40
137	1.6	40
138	1.6	40
139	0	40
140	0	40
141	0	40
142	0	40
143	1.6	40
144	0	40
145	0	40
146	0	40
147	0	40
148	0	40
149	0	40
150	0	40
151	0	40
152	0	40
153	0.4	40
154	0	40
155	0.4	40
156	0.4	40
157	0.4	40
158	0.4	40
159	0	40
160	0	40
161	0	40
162	0	40
163	1.6	40
164	0.4	40
165	0.4	40
166	0	40
167	0	40
168	0.4	40
169	0.8	40
170	0.4	40
171	0.8	40
172	0	40
173	0.4	40
174	0	40
175	0.4	40
176	0.8	40
177	0	40
178	0.4	40
179	0	40
180	0.8	40
181	0	40
182	0	40
183	0	40
184	0.4	40
185	0	40
186	0	40
187	0.4	40
188	0.4	40
189	0.4	40
190	0	40
191	0	40
192	0	40
193	0	40
194	0	40
195	0.8	40
196	0	40
197	0.8	40
198	0	40
199	0.4	40
200	0.4	40
201	0	40
202	0.4	40
203	0	40
204	0	40
205	0.8	40
206	0.4	40
207	0	40
208	0.4	40
209	0.4	40
210	0.4	40
211	0	40
212	0.8	40
213	0.8	40
214	2.4	40
215	1.6	40
216	0	40
217	0.8	40
218	0	40
219	0	40
220	1.6	40
221	0	40
222	0	40
223	0	40
224	0.8	40
225	0	40
226	0	40
227	0	40
228	0	40
229	0	40
230	0.8	40
231	0	40
232	0	40
233	0	40
234	0	40
235	0.4	40
236	0	40
237	0	40
238	0.8	40
239	1.2	40
240	0	40
241	0.8	40
242	0	40
243	0.4	40
244	0	40
245	0	40
246	0.8	40
247	0	40
248	0	40
249	0	40
250	1.2	40
251	0.4	40
252	0.4	40
253	1.6	40
254	0.4	40
255	0.4	40
256	0.4	40
257	0.8	40
258	0.8	40
259	0.4	40
260	0.4	40
261	0.8	40
262	1.2	40
263	0.8	40
264	0	40
265	0.4	40
266	0	40
267	0.4	40
268	0.4	40
269	0.4	40
270	0.4	40
271	0	40
272	0	40
273	0.4	40
274	0.8	40
275	1.6	40
276	0	40
277	0.4	40
278	0.8	40
279	0.4	40
280	0.4	40
281	0.4	40
282	2.4	40
283	1.6	40
284	3.6	40
285	0.8	40
286	0.4	40
287	0.8	40
288	1.6	40
289	0	40
290	0.4	40
291	0.8	40
292	0.4	40
293	0.8	40
294	1.6	40
295	0	40
296	0	40
297	0.8	40
298	0.8	40
299	0	40
300	1.6	40
301	0	40
302	0	40
303	0.8	40
304	0	40
305	0	40
306	0	40
307	0	40
308	0	40
309	0	40
310	0	40
311	0	40
312	0	40
313	0.4	40
314	0	40
315	0	40
316	0	40
317	0	40
318	0.4	40
319	0.4	40
320	0.4	40
321	1.2	40
322	1.2	40
323	0.8	40
324	0.8	40
325	0.4	40
326	0	40
327	0	40
328	0	40
329	0	40
330	0.8	40
331	0.4	40
332	1.2	40
333	0	40
334	0	40
335	0.8	40
336	0	40
337	2.4	40
338	0.8	40
339	1.6	40
340	0	40
341	1.6	40
342	0	40
1	0	0
2	0	0
3	0.4	20
4	0	20
5	0	20
6	0	20
7	0	20
8	0.8	20
9	0.4	20
10	0	20
11	0	20
12	0	20
13	0	20
14	0	20
15	0	20
16	0	20
17	0	20
18	0.4	20
19	0	20
20	0	20
21	0.4	20
22	0	20
23	0	20
24	0	20
25	0.8	20
26	0.8	20
27	0	20
28	0	20
29	0.4	20
30	0	20
31	0.4	20
32	0.4	20
33	0.4	20
34	0.8	20
35	0.8	20
36	0	20
37	0	20
38	0	20
39	0.8	40
40	0.8	40
41	0.4	40
42	1.2	40
43	0	40
44	1.2	40
45	0.4	40
46	0.8	40
47	0.4	40
48	0.8	40
49	0	40
50	0	40
51	0.4	40
52	0.4	40
53	0	40
54	0.4	40
55	0.4	40
56	1.2	40
57	0.4	40
58	0.4	40
59	1.2	40
60	0.8	40
61	3.2	40
62	1.6	40
1	0.4	20
2	0	20
3	0	20
4	0.4	20
5	1.2	40
6	0	40
7	0	40
8	0	40
9	0.4	40
10	1.2	40
11	0	40
12	0.8	40
13	2.8	60
14	2.4	60
15	1.6	60
16	2	60
17	5.2	80
18	4.8	80
19	6.8	80
20	8.4	80
21	5.2	80
22	6.8	80
23	6.8	80
24	7.2	80
25	7.6	80
26	8.4	80
27	8.8	80
28	11.6	80
29	6.4	80
30	9.6	80
31	6.8	80
32	6.4	80
33	6	80
34	9.6	80
35	8.4	80
36	9.2	80
37	12.4	80
38	10	80
39	11.6	80
40	7.2	80
41	8	80
42	9.6	80
43	12.4	80
44	7.6	80
45	7.2	80
46	8.4	80
47	9.6	80
48	11.2	80
49	6.4	80
50	8.4	80
51	9.2	80
52	6.4	80
53	6	80
54	8.8	80
55	8.8	80
56	7.6	80
57	8.8	80
58	8.8	80
59	8.8	80
60	4.4	80
61	1.6	80
62	3.2	80
63	3.2	80
64	2.4	80
65	2.4	80
66	0.4	80
67	2.4	80
68	0.8	80
69	0.4	80
70	1.6	80
71	1.6	80
72	2	80
73	1.6	80
74	2	80
75	2.4	80
76	2	80
77	0.4	80
78	0	80
79	0	80
80	0	80
81	0.8	80
82	0.4	80
83	0	80
84	0.4	80
85	0.4	80
86	0	80
87	0	80
88	0	80
89	0	80
90	0	80
91	0	80
92	0	80
93	0	80
94	0	80
95	0	80
96	0	80
97	0	80
98	0	80
99	0	80
100	0.4	80
101	0	80
102	0	80
103	0	80
104	0	80
105	0	80
106	0.4	80
107	0	80
108	0	80
109	0	80
110	0	80
111	0	80
112	0	80
113	0.4	80
114	0.4	80
115	0	80
116	0.4	80
117	0	80
118	0	80
119	0	80
120	0	80
121	0	80
122	0	80
123	0	80
124	0	80
125	0	80
126	0	80
127	0	80
128	0	80
129	0	80
130	0	80
131	0	80
132	0	80
133	0	80
134	0	80
135	0	80
136	0	80
137	0	80
138	0	80
139	0	80
140	0	80
141	0	80
142	0	80
143	0.4	80
144	0	80
145	0	80
146	0	80
147	0	80
148	0.4	80
149	0.4	80
150	0	80
151	0	80
152	0	80
153	0	80
154	0	80
155	0	80
156	0.4	80
157	0	80
158	0	80
159	0	80
160	0	80
161	0.8	80
162	0	80
163	0	80
164	0	80
165	0	80
166	0	80
167	0	80
168	0	80
169	0	80
170	0	80
171	0	80
172	0	80
173	0	80
174	0	80
175	0.8	80
176	0	80
177	0	80
178	0	80
179	0	80
180	0.8	80
181	0.4	80
182	0.4	80
183	0	80
184	0	80
185	0	80
186	0	80
187	0	80
188	0	80
189	0	80
190	0	80
191	0	80
192	0	80
193	0	80
194	0	80
195	0	80
196	0	80
197	0	80
198	0	80
199	0	80
200	0.4	80
201	0	80
202	0	80
203	0.4	80
204	0	80
205	0	80
206	0	80
207	0	80
208	0	80
209	0	80
210	0	80
211	0	80
212	0	80
213	0	80
214	0	80
215	0	80
216	0	80
217	0	80
218	0	80
219	0.4	80
220	0.4	80
221	0	80
222	0	80
223	0	80
224	0	80
225	0.4	80
226	0	80
227	0	80
228	0	80
229	0	80
230	0	80
231	0	80
232	0.4	80
233	0	80
234	0	80
235	0	80
236	0	80
237	0.4	80
238	1.6	80
239	3.2	80
240	1.6	80
241	0	80
242	0	80
243	0.8	80
244	4.8	80
245	2.4	80
246	4	80
247	1.6	80
248	1.6	80
249	0.8	80
250	0	80
1	0.4	20
2	0	20
3	0	20
4	0.8	40
5	0	40
6	0.4	40
7	0	40
8	0	40
9	0.4	40
10	0	40
11	0	40
12	0	40
13	0.4	40
14	0	40
15	0	40
16	0.4	40
17	0	40
18	0.4	40
19	0	40
20	0	40
21	0.4	40
22	0	40
23	1.2	40
24	0	40
25	0	40
26	0	40
27	0	40
28	0	40
29	0	40
30	0	40
31	0	40
32	0	40
33	0.8	40
34	0	40
35	0.8	40
36	0	40
37	0	40
38	0	40
39	0	40
40	0	40
41	0	40
42	0	40
43	0.8	40
44	4	40
45	0.8	40
46	0	40
47	0	40
48	0	40
49	0	40
50	0.8	40
51	0.8	40
52	0	40
53	0	40
54	0	40
55	0	40
56	0	40
57	0.8	40
58	0	40
59	0	40
60	0	40
61	0	40
62	0	40
63	0	40
64	0	40
65	0	40
66	0	40
67	0.8	40
68	0	40
69	0.4	40
70	0	40
71	0.4	40
72	0	40
73	0.4	40
74	0.4	40
75	0.8	40
76	0	40
77	0	40
78	0.4	40
79	0	40
80	0.4	40
81	0.4	40
82	0.4	40
83	0.8	40
84	0.4	40
85	2	40
86	1.2	40
87	2	40
88	1.2	40
89	0.8	40
90	0.8	40
91	0	40
92	0.4	40
93	0.8	40
94	0	40
95	0.4	40
96	0.4	40
97	0.8	40
98	0.4	40
99	0	40
100	0	40
101	0.4	40
102	0.4	40
103	0.8	40
104	1.6	40
105	2	40
106	0.4	40
107	1.6	40
108	1.2	40
109	2	40
110	0	40
111	0.8	40
112	1.6	40
113	1.2	40
114	0.8	40
115	3.6	40
116	1.6	40
117	2.4	40
118	2	40
119	2.4	40
120	1.2	40
121	1.2	40
122	2	40
123	0.8	40
124	0	40
125	0	40
126	1.6	40
127	1.6	40
128	0.8	40
129	0	40
130	0	40
131	1.6	40
132	2.4	40
133	0.8	40
134	0.8	40
135	0	40
136	0	40
137	0.8	40
138	0.8	40
139	0	40
140	0	40
141	0	40
142	0	40
143	0	40
144	0.8	40
145	0.8	40
146	0	40
147	0.8	40
148	0	40
149	0.8	40
150	0	40
151	0	40
152	0	40
153	0.8	40
154	0.8	40
155	1.6	40
156	0	40
157	0	40
158	0	40
159	0	40
160	0.8	40
161	0	40
162	0	40
163	0	40
164	0	40
165	0	40
166	0	40
167	0	40
168	0	40
169	0	40
170	0	40
171	0.8	40
172	0	40
173	0.8	40
174	0	40
175	0	40
176	0	40
177	0	40
178	0.8	40
179	0	40
180	0	40
181	0	40
182	0	40
183	0.8	40
184	0	40
185	0	40
186	0	40
187	0	40
188	0	40
189	0	40
190	0	40
191	0	40
192	0	40
193	1.6	40
194	2.4	40
195	0	40
196	0.8	40
197	0	40
198	0	40
199	0	40
200	0.8	40
201	0	40
202	0.8	40
203	0	40
204	0	40
205	0	40
206	0	40
207	0	40
208	0.8	40
209	0	40
210	0	40
211	0	40
212	1.6	40
213	0	40
214	0.8	40
215	0.8	40
216	0.8	40
217	1.6	40
218	2.4	40
219	0.8	40
220	0	40
221	1.6	40
222	0	40
223	0	40
224	0	40
225	0	40
226	0.4	40
227	0.4	40
228	0.4	40
229	0	40
230	0.4	40
231	0	40
232	0	40
233	0	40
234	0.4	40
235	0.8	40
236	0	40
237	0	40
238	0.8	40
239	0	40
240	0.4	40
241	1.2	40
242	0	40
243	0	40
244	0	40
245	0.4	40
246	0.8	40
247	0	40
248	0	40
249	0	40
250	0	40
251	0	40
252	0.8	40
253	0	40
254	0.4	40
255	1.6	40
256	0.4	40
257	1.6	40
258	0.4	40
259	1.2	40
260	1.2	40
261	2.4	40
262	2	40
263	2.4	40
264	2.4	40
265	1.2	40
266	2	40
267	1.6	40
268	3.2	40
269	4	40
270	2.8	40
271	3.6	40
272	3.6	40
273	4	40
274	6.8	40
275	5.6	40
276	7.2	40
277	7.2	40
278	5.2	40
279	4.8	40
280	7.2	60
281	7.6	60
282	10	80
283	4.4	80
284	7.6	80
285	5.2	80
286	6	80
287	4.4	80
288	10.8	80
289	5.6	80
290	6.4	80
291	8	80
292	7.6	80
293	7.6	80
294	8.8	80
295	4.4	80
296	5.6	80
1	0.4	20
2	0	20
3	0	20
4	0	20
5	0	20
6	0.4	20
7	0.4	20
8	0.8	20
9	0.4	20
10	0	20
11	0	20
12	0.4	20
13	0	20
14	0.8	20
15	0.8	20
16	0.8	40
17	0	40
18	0.8	40
19	0	40
20	0.4	40
21	0	40
22	0	40
23	0	40
24	0.8	40
25	1.2	40
26	0	40
27	0.4	40
28	0.4	40
29	0.8	40
30	0	40
31	0.4	40
32	0	40
33	0.8	40
34	0	40
35	0	40
36	0	40
37	0.4	40
38	0.4	40
39	0	40
40	0.4	40
1	0	0
2	0.4	20
3	1.6	40
4	0	40
5	0	40
6	0.4	40
7	0.4	40
8	0	40
9	0	40
1	0.8	20
2	0	20
3	0	20
4	0	20
5	0	20
6	0.4	20
7	0	20
8	0.4	20
9	0	20
10	0	20
11	0.4	20
12	0.4	20
13	0	20
14	0.8	20
15	0.4	20
16	0	20
17	1.2	40
18	0	40
19	0.8	40
20	0	40
21	0	40
22	0.8	40
23	0	40
24	0	40
25	0	40
26	0	40
27	0	40
28	0	40
29	0	40
30	0.8	40
31	0	40
32	0	40
33	0	40
34	0	40
35	0	40
36	0.4	40
37	0	40
38	0	40
39	0	40
40	0.8	40
41	1.6	40
42	0	40
43	0.8	40
44	0	40
45	0	40
46	0	40
47	0	40
48	0.8	40
49	0	40
50	0	40
51	0.8	40
52	0	40
53	0	40
54	0	40
55	0	40
56	0	40
57	0	40
58	0.4	40
59	1.2	40
60	0	40
61	0.4	40
62	0	40
63	0.8	40
64	1.6	40
65	0.4	40
66	1.2	40
67	0	40
68	0.4	40
69	0	40
70	0	40
71	0.4	40
72	0	40
73	0	40
74	0.4	40
75	0.8	40
76	0	40
77	0	40
78	0	40
79	0.4	40
80	0.4	40
81	1.2	40
82	2	40
83	0.8	40
84	0.8	40
85	0	40
86	0.8	40
87	1.2	60
88	1.2	60
89	1.2	60
90	0.8	60
91	0.4	60
92	1.2	60
93	0.8	60
94	0.8	60
95	0.8	60
96	0	60
97	0	60
98	0.4	60
99	0.8	60
100	0	60
101	0.8	60
102	0.4	60
103	0	60
104	0	60
105	0	60
106	0	60
107	0.8	60
108	0.4	60
109	0	60
110	0.4	60
1	0	0
2	0	0
3	0	0
4	0.4	20
5	0	20
6	0.4	20
1	0.4	20
2	0	20
3	0.8	20
4	0	20
5	0	20
6	0.4	20
7	0.4	20
8	0	20
9	0	20
10	0	20
11	0	20
12	0	20
13	0	20
14	0	20
15	0	20
16	0	20
17	0.4	20
18	0.4	20
19	0.4	20
20	0	20
21	0	20
22	0	20
23	0.8	20
24	0	20
25	0.8	20
26	0	20
27	0	20
28	0	20
29	0	20
30	0	20
31	0	20
32	0	20
33	0	20
34	0	20
35	0	20
36	0	20
37	0	20
38	0	20
39	0	20
40	0	20
41	0	20
42	0	20
43	0	20
44	0.4	20
45	0	20
46	0.4	20
47	0.4	20
48	0	20
49	0.4	20
50	2	80
51	0	80
52	0.4	80
53	0	80
54	0	80
55	0	80
56	0	80
57	0	80
58	0	80
59	0	80
60	0	80
61	0	80
62	0	80
63	0	80
64	0	80
65	0	80
66	0	80
67	0	80
68	0	80
69	0	80
70	0	80
71	0	80
72	0.4	80
73	1.2	80
74	0	80
75	0	80
76	0.4	80
77	0	80
78	0	80
79	0	80
80	0	80
81	0	80
82	0.4	80
83	0	80
84	0	80
85	0	80
86	0	80
87	0	80
88	0	80
89	0.4	80
90	0	80
91	0	80
92	0	80
93	0	80
94	0.4	80
95	0	80
96	0	80
97	0	80
98	0	80
99	0	80
100	0	80
101	0	80
102	0	80
103	0.4	80
1	0	0
2	0.4	20
3	0.8	20
4	0.8	20
5	0.4	20
6	0.4	20
7	0	20
8	0.8	20
9	0.4	20
10	0	20
11	0.4	20
12	0.8	20
13	0.4	20
14	0.8	20
15	0	20
16	0	20
17	0.4	20
18	0	20
19	0	20
20	0.4	20
21	0	20
22	0.8	40
23	0.4	40
24	0.8	40
25	0	40
26	0	40
27	0	40
28	0.4	40
29	0.8	40
30	0	40
31	0.8	40
32	0.8	40
33	0.4	40
34	0	40
35	0.4	40
36	0.4	40
37	0	40
38	0	40
39	0.8	40
40	0	40
41	0	40
42	0	40
43	0	40
44	0	40
45	0	40
46	0	40
47	1.6	40
48	0	40
49	0	40
50	1.6	40
51	0.8	40
52	0.8	40
53	0.8	40
54	0	40
55	1.6	40
56	0	40
57	0	40
58	0.8	40
59	0.8	40
60	0.8	40
61	0	40
62	0	40
63	0	40
64	0	40
65	0	40
66	0	40
67	0	40
68	0	40
69	0.8	40
70	0	40
71	0	40
72	0.8	40
73	0	40
74	0.8	40
75	0	40
76	0	40
77	0	40
78	0	40
79	0	40
80	0	40
81	0.8	40
82	1.6	40
83	0	40
84	0	40
85	0.4	40
86	0	40
87	0.4	40
88	0.4	40
89	0	40
90	0	40
91	0	40
92	0.4	40
93	0.8	40
94	2	40
95	0.8	40
96	0.4	40
97	0	40
98	0	40
99	0.8	40
100	0.4	40
101	0.4	40
102	0.4	40
103	0.8	40
104	0	40
105	0.8	40
106	0.4	40
107	0.4	40
108	1.6	40
109	0.8	40
110	1.6	40
111	1.2	40
112	0.4	40
113	1.6	40
114	2.4	40
115	1.2	40
116	0.4	40
117	0	40
118	1.2	40
119	0.8	40
120	0.4	40
121	0.8	40
122	0.4	40
123	0.4	40
124	0	40
125	0.4	40
126	0.4	40
127	0	40
128	1.2	40
129	0.4	40
130	0.8	40
131	0	40
132	0.4	40
133	0	40
134	0	40
135	0	40
136	0	40
137	0	40
138	0.4	40
139	0	40
140	0	40
141	0.4	40
142	0	40
143	0.8	40
144	0.4	40
145	0	40
146	0	40
147	0	40
148	0	40
149	0.8	40
150	0	40
151	0	40
152	0	40
153	0	40
154	0	40
155	0.4	40
156	0.4	40
157	0.4	40
158	0.4	40
159	0	40
160	0	40
161	0.8	40
162	0.4	40
163	0.8	40
164	0	40
165	0.8	40
166	0	40
167	0.8	40
168	0.8	40
169	0	40
170	0	40
171	0	40
172	0	40
173	0	40
174	0.8	40
175	0	40
176	0	40
177	0	40
178	0	40
179	0.8	40
180	0	40
1	0	0
2	0	0
3	0.8	20
4	0	20
5	0	20
6	0.4	20
7	0.4	20
8	0	20
9	0.8	20
10	0	20
11	0.4	20
12	0.8	20
13	0	20
14	0	20
15	0.4	20
1	0.4	20
2	0	20
3	0	20
4	0.4	20
5	0	20
6	0.4	20
7	0	20
8	0	20
9	0.4	20
10	0	20
11	0	20
12	0.4	20
13	0	20
14	0	20
15	0	20
16	0.4	20
17	0	20
18	0	20
19	0	20
20	0	20
21	0	20
22	0	20
23	1.6	40
24	0.8	40
25	0.4	40
26	0.4	40
27	0.8	40
28	0.4	40
29	0.8	40
30	0.8	40
31	0.8	40
1	0.8	20
2	0	20
3	0	20
4	0	20
5	0.4	20
6	0	20
7	0	20
8	0	20
9	0	20
10	0.4	20
11	0	20
1	0.4	20
2	0.4	20
3	0	20
4	0	20
5	0.4	20
6	0	20
7	0.4	20
8	0	20
9	0	20
10	0	20
11	0.8	20
12	0.4	20
13	0	20
14	0.4	20
15	0	20
16	0	20
17	0	20
18	0	20
19	0	20
20	0.4	20
21	0	20
22	0	20
23	0	20
24	0	20
25	0	20
26	0	20
27	0	20
28	0	20
29	0	20
30	0	20
31	0.8	20
32	0	20
33	0	20
34	0	20
35	0	20
36	0	20
37	1.6	40
38	0	40
39	0.8	40
40	2.4	40
41	6.4	40
42	12	80
43	15.2	80
44	10.4	80
45	8.8	80
46	14.4	80
47	8.8	80
48	7.2	80
49	11.2	80
50	6.4	80
51	6.4	80
52	10.4	80
53	8.8	80
54	4.8	80
55	7.2	80
56	10.4	80
57	9.6	80
58	8	80
59	11.2	80
60	3.2	80
61	8	80
62	12	80
63	13.6	80
64	11.2	80
65	10.4	80
66	6.4	80
67	13.6	80
1	0.4	20
1	0.4	20
2	0	20
3	0.4	20
4	0	20
5	0	20
6	0	20
7	0	20
8	0	20
9	0.4	20
10	0.8	20
11	0.4	20
12	0.4	20
13	1.2	20
14	0.4	20
15	0.4	20
16	0.4	20
17	0.8	20
18	0.4	20
19	0.4	20
6.6765
8.23459
8.87375
8.87375
8.98652
8.9937
8.99826
8.99997
8.99999
8.99999
9
9
9
9
9
9
9
9
9
9
9
9
9
9
9
9
9
9
9
9
9
9
9
9
9
9
9
9
9
9
9
9
9
9
9
9
9
9
9
9
9
9
9
9
9
9
9
9
9
9
9
9
9
9
9
9
9
9
9
9
9
9
9
9
9
9
9
9
9
9
9
9
9
9
9
9
9
9
9
9
9
9
9
9
9
9
9
9
9
9
40
40
67
69
69
1571
1571
1571
2986
2986
2986
2986
2986
2986
2986
2986
2986
2986
2986
100001
0.0059
0.0059
0.0059
0.0059
0.0059
0.0059
0.0059
0.0059
0.0071
0.0071
0.0071
0.0071
0.0071
0.0071
0.0071
0.0071
0.0071
0.0071
0.0071
0.0071
0.0076
0.0076
0.0076
0.0076
0.0076
0.0076
0.0076
0.0076
0.0078
0.0083
0.0083
0.0083
0.0083
0.0083
0.0089
0.0089
0.01515
0.01515
0.01515
0.0153036
0.0153036
0.0153036
0.0153036
0.0153036
0.0153036
0.0153036
0.0153036
0.0162895
0.0162895
0.0162895
0.0162895
0.0162895
0.0162895
0.0162895
0.0162895
0.0162895
0.0162895
0.0162895
0.0162895
0.0162895
0.0162895
0.0162895
0.0162895
0.0162895
0.0162895
0.0162895
0.0162895
0.0162895
0.0162895
0.0162895
0.0162895
0.0162895
0.0162895
0.0162895
0.0162895
0.0162895
0.0162895
0.0162895
0.0162895
0.0162895
0.0162895
0.0162895
0.0214058
0.0214058
0.0214058
0.0214058
0.0214058
0.0214058
0.0214058
0.0214058
0.0214058
0.0214058
0.0214058
0.0214058
0.0214058
0.0216489
0.0216489
0.0216489
0.0216489
0.0216489
1	0	0
2	0.8	20
3	0	20
4	0	20
5	0.4	20
6	0	20
7	0	20
8	0	20
9	0.4	20
10	0.4	20
11	0.4	20
12	0	20
13	0	20
14	0	20
15	0	20
16	0.4	20
17	0.4	20
18	0	20
19	0	20
20	0.4	20
21	0.4	20
22	0.4	20
23	0	20
24	0	20
25	0	20
26	2.4	20
27	0.8	20
28	0	20
29	0	20
30	0	20
31	0	20
32	0	20
33	0	20
34	0	20
35	0.8	20
36	0	20
37	0	20
38	0	20
39	0	20
40	0.8	20
41	0.8	20
42	0	20
43	0	20
44	0	20
45	0	20
46	0	20
47	0	20
48	0	20
49	0.8	20
50	1.6	20
51	1.6	20
52	0.8	20
53	0	20
54	0.8	20
55	0	20
56	0	20
57	0	20
58	1.6	20
59	0.8	20
60	1.6	20
61	0	20
62	0	20
63	2	20
64	0.4	20
65	0.4	20
66	0	20
67	0.4	20
68	0.4	20
69	0.4	20
70	0	20
71	0.4	20
72	0.4	20
73	1.2	20
74	0.4	20
75	0	20
76	0	20
77	0	20
78	0	20
79	0.4	20
80	0.4	20
81	1.6	20
82	0.8	20
83	0.8	20
84	0	20
85	1.6	20
86	0	20
87	0	20
88	0	20
89	0	20
90	2.4	40
91	1.6	40
92	0.8	40
93	0	40
94	0.8	40
95	0.8	40
96	0	40
97	0	40
98	0	40
99	0	40
100	0	40
101	0	40
102	0	40
103	0	40
104	0	40
105	0	40
106	0	40
107	0	40
108	0	40
109	0	40
110	0.8	40
111	2.8	40
112	3.2	40
113	4	40
114	3.6	40
115	1.6	40
116	2.4	40
117	1.6	40
118	1.2	40
119	0.8	40
120	0.4	40
121	0.4	40
122	0	40
123	0.8	40
124	0.4	40
125	0.4	40
126	0.4	40
127	0	40
128	1.2	40
129	0.8	40
130	0.4	40
131	0.4	40
132	0	40
133	0	40
134	0	40
135	0	40
136	0	40
137	0	40
138	0	40
139	0.4	40
140	0.4	40
141	0.4	40
142	0.4	40
143	0	40
144	0.4	40
145	0	40
146	0	40
147	0.8	40
148	0.4	40
149	0.4	40
150	1.2	40
151	0.8	40
152	0	40
153	0.8	40
154	0.4	40
155	1.2	40
156	1.6	40
157	1.6	40
158	2.4	40
159	2.8	40
160	3.6	40
161	3.6	40
162	5.2	40
163	2.8	40
164	2	40
165	2	40
166	1.6	40
167	1.6	40
168	0.8	40
169	0.4	40
170	0.8	40
171	1.6	40
172	0	40
173	0	40
174	1.6	40
175	0.8	40
176	2.4	40
177	2	40
178	2	40
179	2.4	40
180	0.8	40
181	1.6	40
182	4.4	40
183	3.2	40
184	2.4	40
185	4.8	40
186	3.6	40
187	5.2	40
188	3.6	40
189	1.2	40
190	4.4	40
191	5.2	40
192	1.6	60
193	1.6	60
194	0	60
195	1.2	60
196	0.8	60
197	2.4	60
198	5.2	60
199	2.8	60
200	4	60
201	4.4	60
202	5.6	60
203	3.6	60
204	6	60
205	7.2	60
206	4.8	60
207	6	60
208	6	60
209	6.8	60
210	6.8	60
211	5.6	60
212	2.8	60
213	2.8	60
214	0.4	60
215	0.4	60
216	0	60
217	0	60
218	0	60
219	0	60
220	0	60
221	0	60
222	0	60
223	0.4	60
224	0	60
225	0	60
226	0.8	60
227	0.4	60
228	0.8	60
229	1.2	60
230	0.8	60
231	0	60
232	0.8	60
233	0	60
234	0.4	60
235	0.4	60
236	0.4	60
237	0.8	60
238	0	60
239	0	60
240	0.4	60
241	0.8	60
242	0.4	60
243	0	60
244	0.8	60
245	0.4	60
246	0.4	60
247	2	60
248	0.4	60
249	1.6	60
250	1.2	60
251	0.8	60
252	1.6	60
253	0	60
254	1.6	60
255	3.2	60
256	2.4	60
257	1.6	60
258	0.8	60
259	0	60
260	0	60
261	0	60
262	0	60
263	0.8	60
264	0.8	60
265	0	60
266	0.8	60
267	0.8	60
268	0	60
269	0	60
270	0	60
271	0	60
272	0.8	60
273	1.2	60
274	0.8	60
275	0.4	60
276	1.2	60
277	0	60
278	0	60
279	0	60
280	1.2	60
281	0.4	60
282	1.2	60
283	2	60
284	0.4	60
285	0.8	60
286	0.8	60
287	1.2	60
288	0	60
289	1.2	60
290	0	60
291	0	60
292	1.2	60
293	0	60
294	1.2	60
295	0	60
296	0	60
297	0	60
298	0	60
299	0	60
300	0.4	60
301	0.4	60
302	0.8	60
303	0.4	60
304	1.2	60
305	0.8	60
306	0.4	60
307	1.6	60
308	0.8	60
309	0.4	60
310	0.8	60
311	0	60
312	0	60
313	0	60
314	0.4	60
315	0	60
316	0.8	60
317	0	60
318	1.2	60
319	1.2	60
320	0.4	60
321	1.2	60
322	0.8	60
323	0	60
324	0.8	60
325	0.4	60
326	0.8	60
327	0	60
328	0	60
329	0	60
330	0	60
331	0.4	60
332	0.4	60
333	0.8	60
334	0.8	60
335	0	60
336	0	60
337	0	60
338	0.8	60
339	1.6	60
340	0	60
341	0	60
342	0	60
343	0	60
344	0	60
345	0	60
346	0	60
347	0.8	60
348	0	60
349	0	60
350	0	60
351	0	60
352	0.8	60
353	0.4	60
354	0.4	60
355	0.4	60
356	0.8	60
357	0	60
358	1.2	60
359	0	60
360	0.8	60
361	0	60
362	0	60
363	0	60
364	0.4	60
365	0	60
366	0	60
367	0	60
368	0	60
369	0.4	60
370	0	60
371	0.4	60
372	2	60
373	5.6	80
374	0	80
375	0	80
376	0	80
377	0.8	80
378	0	80
379	0	80
380	0	80
381	1.6	80
382	1.6	80
383	1.6	80
384	2.4	80
385	0	80
386	1.6	80
387	0.8	80
388	0.8	80
389	2.4	80
390	4	80
391	0	80
392	1.6	80
393	1.6	80
394	3.2	80
395	4.8	80
396	3.2	80
397	0.8	80
398	1.6	80
399	0.8	80
400	0	80
401	0	80
402	0	80
403	0	80
404	1.6	80
405	0	80
406	0	80
407	0	80
408	0.8	80
409	0.8	80
410	0	80
411	0	80
412	0	80
413	0	80
414	0.4	80
415	0	80
416	0	80
417	0	80
418	0	80
419	0	80
420	0	80
421	0.4	80
422	1.2	80
423	0.4	80
424	0.4	80
425	0.8	80
426	0	80
427	0	80
428	0.4	80
429	0.4	80
430	0.8	80
431	0	80
432	0	80
433	0	80
434	0.4	80
435	0.4	80
436	0.4	80
437	0	80
438	0	80
439	0.8	80
440	0.8	80
441	0.4	80
442	0.4	80
443	0	80
444	0	80
445	0	80
446	0	80
447	0.4	80
448	0	80
449	0	80
450	0	80
451	0.4	80
452	0	80
453	0.4	80
454	0	80
455	0	80
456	0.4	80
457	1.2	80
458	0	80
459	0	80
460	0	80
461	0	80
462	0.4	80
463	1.2	80
464	0	80
465	0	80
466	0	80
467	0.4	80
468	0	80
469	0.8	80
470	0.8	80
471	1.2	80
472	1.2	80
473	1.2	80
474	0.8	80
475	0.4	80
476	0.8	80
477	0.8	80
478	0.4	80
479	0.4	80
480	0	80
481	2	80
482	0	80
483	0	80
484	1.2	80
485	2	80
486	0.8	80
487	0.4	80
488	0	80
489	0.8	80
490	0.4	80
491	0.4	80
492	0.8	80
493	0.4	80
494	0	80
495	1.2	80
496	0.4	80
497	0.4	80
498	1.6	80
499	2	80
