1 -646.111
2 -611.733
3 -654.677
4 -584.403
5 -560.589
6 -577.184
7 -593.463
8 -561.112
9 -524.136
10 -544.303
11 -560.869
12 -567.203
13 -524.1
14 -531.923
15 -494.905
16 -504.667
17 -356.24
18 -310.809
19 -251.887
20 -429.651
21 -335.623
22 -298.892
23 -253.991
24 -290.263
25 -269.983
26 -301.449
27 -360.216
28 -277.08
29 -349.439
30 -372.655
31 -341.44
32 -393.107
33 -381.799
34 -350.851
35 -349.401
36 -409.583
37 -362.256
38 -332.32
39 -388.959
40 -468.315
41 -409.696
42 -332.039
43 -294.197
44 -332.497
45 -357.689
46 -393.308
47 -448.751
48 -417.273
49 -333.015
50 -375.175
51 -383.78
52 -445.94
53 -458.943
54 -453.737
55 -364.184
56 -362.187
57 -408.415
58 -301.021
59 -433.272
60 -369.888
61 -379.276
62 -381.387
63 -333.701
64 -418.859
65 -249.915
66 -267.92
67 -281.891
68 -337.124
69 -228.075
70 -364.332
71 -206.541
72 -306.592
73 -309.58
74 -321.499
75 -288.989
76 -239.955
77 -320.42
78 -353.18
79 -380.955
80 -257.796
81 -291.145
82 -290.599
83 -180.377
84 -229.835
85 -195.129
86 -217.179
87 -298.829
88 -383.451
89 -264.62
90 -314.783
91 -313.301
92 -318.743
93 -291.405
94 -233.188
95 -359.963
96 -317.341
97 -316.663
98 -261.937
99 -309.675
100 -295.259
