1 -625.456
2 -627.327
3 -613.728
4 -578.453
5 -536.355
6 -550.488
7 -494.535
8 -507.353
9 -493.904
10 -445.7
11 -601.757
12 -632.108
13 -566.233
14 -548.137
15 -575.351
16 -524.125
17 -534.413
18 -674.935
19 -552.197
20 -557.407
21 -366.283
22 -412.183
23 -431.931
24 -460.04
25 -423.639
26 -454.955
27 -521.784
28 -413.279
29 -487.516
30 -564.387
31 -498.357
32 -397.187
33 -524.397
34 -542.216
35 -523.26
36 -522.749
37 -469.485
38 -491.583
39 -466.564
40 -526.468
41 -474.183
42 -423.109
43 -421.596
44 -440.535
45 -404.64
46 -417.216
47 -324.823
48 -314.371
49 -428.907
50 -307.7
51 -379.624
52 -341.805
53 -359.093
54 -333.737
55 -369.703
56 -319.407
57 -342.245
58 -346.269
59 -381.805
60 -375.151
61 -386.685
62 -412.888
63 -302.804
64 -412.889
65 -435.099
66 -406.088
67 -419.908
68 -367.783
69 -413.977
70 -439.583
71 -451.804
72 -446.373
73 -373.812
74 -365.703
75 -322.713
76 -383.396
77 -272.605
78 -385.381
79 -375.643
80 -370.671
81 -415.176
82 -383.291
83 -312.312
84 -322.656
85 -309.867
86 -297.9
87 -336.364
88 -247.891
89 -314.16
90 -292.888
91 -334.136
92 -357.635
93 -379.593
94 -352.455
95 -356.075
96 -360.417
97 -251.515
98 -355.877
99 -351.324
100 -382.027
