1 -615.749
2 -646.125
3 -616.243
4 -618.693
5 -607.74
6 -645.077
7 -554.501
8 -584.091
9 -523.747
10 -574.98
11 -480.593
12 -459.884
13 -565.177
14 -519.809
15 -513.264
16 -557.02
17 -551.32
18 -536.909
19 -403.893
20 -456.783
21 -453.344
22 -422.252
23 -499.083
24 -518.163
25 -405.857
26 -389.477
27 -396.236
28 -370.557
29 -390.596
30 -436.068
31 -473.436
32 -457.16
33 -464.928
34 -471.567
35 -430.507
36 -461.772
37 -564.812
38 -459.344
39 -394.901
40 -385.225
41 -396.088
42 -404.211
43 -456.095
44 -351.117
45 -414.373
46 -402.199
47 -400.751
48 -410.888
49 -368.123
50 -351.065
51 -329.755
52 -309.983
53 -377.079
54 -341.873
55 -359.817
56 -332.341
57 -351.416
58 -264.896
59 -339.221
60 -294.98
61 -314.247
62 -396.493
63 -326.381
64 -389.832
65 -409.227
66 -333.459
67 -370.051
68 -280.152
69 -265.667
70 -371.309
71 -336.029
72 -385.721
73 -348.405
74 -398.621
75 -435.791
76 -447.685
77 -441.144
78 -431.353
79 -415.536
80 -420.724
81 -420.348
82 -395.815
83 -451.671
84 -388.563
85 -470.025
86 -437.687
87 -440.817
88 -383.837
89 -433.112
90 -413.196
91 -367.193
92 -326.66
93 -366.523
94 -351.581
95 -429.735
96 -360.865
97 -290.301
98 -332.993
99 -381.571
100 -357.645
