1 508
2 572
3 748
4 242
5 526
6 400
7 590
8 360
9 720
10 648
11 464
12 392
13 524
14 626
15 636
16 321.6
17 746
18 572
19 576
20 272
21 681.8
22 554
23 780
24 616
25 576
26 794
27 658
28 762
29 802
30 834
31 746
32 569.6
33 680
34 489.2
35 544
36 568
37 798
38 926
39 625.8
40 922
41 564.2
42 630
43 748
44 850
45 752
46 635.8
47 902
48 896
49 756
50 641.8
51 540
52 284
53 776
54 862
55 862
56 782
57 516
58 361.8
59 824
60 840
61 541.8
62 588
63 550
64 459.8
65 454
66 612
67 566
68 560
69 650
70 546
71 622
72 568
73 470
74 814
75 640
76 550
77 602
78 754
79 928
80 746
81 736
82 680
83 580
84 418
85 626
86 369.2
87 562
88 778
89 592
90 560
91 936
92 568
93 438
94 604
95 556
96 642
97 642
98 645.4
99 924
100 932
