1 556
2 720
3 510
4 510
5 383.4
6 600
7 558
8 922
9 952
10 902
11 582
12 796
13 834
14 759.4
15 790
16 667.8
17 810
18 665.8
19 770
20 596
21 663.4
22 766
23 678
24 870
25 786
26 868
27 790
28 764
29 912
30 880
31 932
32 726
33 600
34 776
35 723.6
36 900
37 600
38 566
39 846
40 840
41 976
42 864
43 852
44 685.8
45 866
46 602
47 828
48 872
49 750
50 924
51 772
52 954
53 754
54 876
55 739.6
56 838
57 728
58 748
59 846
60 870
61 890
62 838
63 946
64 862
65 856
66 816
67 934
68 778
69 784
70 832
71 854
72 854
73 888
74 914
75 838
76 798
77 822
78 790
79 778
80 960
81 914
82 892
83 912
84 834
85 918
86 904
87 842
88 788
89 750
90 900
91 868
92 940
93 898
94 838
95 856
96 826
97 830
98 860
99 884
100 778
